57 12
-25804 -5862 -10145 25580 19924 29217 30080 22464 25121 19939 10219 18137 -2664 4397 14601 12675 24291 9218 13943 29898 27748 31317 27246 31622 14096 32067 20631 20424 27395 18929 669 32692 29107 16450 20187 31695 21780 19144 25541 8821 32143 24954 23634 29896 32562 23355 32362 29471 32413 32250 23838 17398 14903 13050 28089 20669 28919 
-25804 -5862 -10145 25580 19924 29217 30080 22464 25121 19939 10219 18137 -2664 4397 14601 12675 24291 9218 13943 29898 27748 31317 27246 -10503 14096 32067 20631 20424 27395 18929 669 32692 29107 16450 20187 31695 21780 19144 25541 8821 32143 24954 23634 29896 32562 23355 32362 29471 25503 32250 23838 17398 14903 13050 28089 20669 28919 
-25804 -5862 -10145 13321 19924 -17407 30080 22464 25121 19939 10219 18137 -2664 4397 14601 12675 24291 9218 13943 29898 27748 31317 27246 31622 11329 32067 20631 20424 27395 18929 669 32692 29107 16450 20187 31695 21780 21921 25541 8821 32143 24954 23634 29896 32562 23355 32362 29471 25503 32250 23838 17398 14903 13050 28089 20669 28919 
-25804 -5862 -10145 13321 19924 -17407 30080 22464 25121 19939 10219 18137 -7545 4397 14601 12675 24291 9218 13943 29898 27748 31317 27246 31622 14096 32067 20631 20424 27395 18929 669 32692 29107 16450 20187 31695 21780 19144 25541 8821 32143 24954 23634 29896 32562 23355 32362 29471 32413 32250 23838 17398 14903 13050 28089 20669 28919 
-25804 -5862 -10145 13321 19924 -17407 30080 22464 25121 19939 10219 18137 -2664 4397 14601 12675 24291 9218 13943 29898 27748 31317 27246 31622 11329 32067 20631 20424 27395 18929 13997 32692 29107 16450 20187 31695 21780 19144 25541 8821 32143 24954 23634 29896 32562 23355 32362 29471 25503 32250 23838 17398 14903 13050 28089 20669 28919 
-25804 -5862 -10145 13321 19924 -17407 30080 22464 25121 19939 10219 18137 -2664 4397 14601 12675 24291 9218 13943 29898 27748 31317 27246 31622 11329 32067 20631 20424 27395 18929 13997 32692 29107 16450 20187 31695 21780 21921 25541 8821 32143 24954 23634 29896 32562 23355 16589 29471 25503 32250 23838 17398 14903 13050 28089 20669 28919 
-25804 -5862 -10145 13321 19924 29217 30080 -30654 25121 19939 10219 18137 -2664 4397 14601 12675 24291 9218 13943 29898 27748 31317 27246 31622 14096 32067 20631 20424 27395 18929 669 32692 29107 16450 20187 31695 21780 21921 25541 8821 32143 24954 23634 29896 32562 23355 32362 29471 25503 32250 23838 17398 14903 13050 28089 20669 28919 
-25804 -5862 -10145 24974 19924 29217 30080 -30654 25121 19939 10219 18137 -2664 4397 14601 12675 24291 9218 13943 29898 27748 31317 27246 31622 11329 32067 20631 20424 27395 18929 13997 32692 29107 16450 20187 31695 21780 19144 25541 8821 32143 24954 23634 29896 32562 23355 32362 29471 25503 32250 23838 17398 14903 13050 28089 20669 28919 
-25804 -5862 -10145 13321 19924 29217 30080 22464 25121 19939 10219 18137 -2664 4397 14601 12675 24291 9218 13943 29898 27748 31317 27246 31622 14096 32067 20631 20424 27395 18929 669 32692 29107 16450 20187 31695 21780 19144 25541 8821 32143 24954 23634 29896 32562 23355 32362 29471 32413 32250 23838 17398 14903 13050 28089 20669 28919 
-25804 -5862 -10145 13321 19924 29217 30080 22464 25121 19939 10219 18137 -2664 4397 14601 12675 24291 9218 13943 29898 27748 31317 27246 31622 -19573 32067 20631 20424 27395 18929 669 32692 29107 16450 20187 31695 21780 19144 25541 8821 32143 24954 23634 29896 32562 23355 32362 29471 32413 32250 23838 17398 14903 13050 28089 20669 28919 
-25804 -5862 -10145 13321 19924 -17407 30080 22464 25121 19939 10219 18137 -2664 4397 14601 12675 24291 9218 13943 29898 27748 31317 27246 31622 11329 32067 20631 20424 27395 18929 669 32692 29107 16450 20187 31695 21780 21921 25541 8821 32143 24954 23634 29896 32562 23355 32362 29471 25503 32250 23838 17398 14903 13050 28089 20669 28919 
-25804 -5862 -10145 13321 19924 -17407 30080 22464 25121 19939 10219 18137 -2664 4397 14601 12675 24291 9218 13943 29898 25150 31317 27246 31622 11329 32067 20631 20424 27395 18929 669 32692 29107 16450 20187 31695 21780 19144 25541 8821 32143 24954 23634 29896 32562 23355 32362 29471 32413 32250 23838 17398 14903 13050 28089 20669 28919 

