57 100
-12027 20973 -17690 18800 17667 926 -31595 9723 26667 31542 23021 15623 6519 -12324 -13088 32712 -13061 19111 -31923 14700 1539 15955 -8213 4511 24211 -3543 -7250 -12084 3673 28706 13430 5681 -25658 -32240 -11171 -36 -15139 -10838 -29983 -17595 -22180 31195 -4226 15106 30986 -19806 -7747 20238 -2634 25319 -29214 2448 -15210 3767 -15050 26206 5471 
10962 -8666 20413 -32382 8863 -14220 21354 7002 10655 -8727 10254 -29058 -21586 -6774 -14069 32548 32199 -204 -19099 19020 -3473 -10855 21182 6602 -20790 -21130 -22815 23047 -17731 12327 23999 -7530 21760 13997 16199 8574 -14748 17894 -5120 -9456 -9312 -10620 -28248 20492 3401 14434 -21010 2421 20559 -15712 19817 1939 20635 -15020 11306 30675 -26191 
8280 -7181 28298 14480 -26226 -8518 -4750 23734 -17020 2724 -3773 -16722 -15171 -29871 32562 20154 16180 -25643 4563 16554 5251 2219 8967 -20313 14958 -24066 26957 14925 -19826 -28363 10700 13727 21582 -6067 26670 20217 24255 9055 -7686 -23050 6168 -15284 30514 -583 905 2657 -21236 9600 -21721 -5027 21744 5361 12302 -29105 -32608 8802 -6207 
5913 -4118 -17120 14500 -2363 9111 -26623 -20173 -12294 -30714 -17336 23507 32646 30407 32709 -31528 26057 -27260 26084 20209 -25898 -16388 -86 25806 6066 -12554 -31344 735 -7830 15711 9458 14985 -20981 -21818 29888 18085 23608 16012 -16529 -18287 31773 -7086 30252 10972 26753 -24624 16424 -27634 24711 -8270 25555 -20948 21218 -13453 21597 -22543 -17909 
17054 -18769 18509 -5569 21509 21553 13537 28369 -17391 -3697 24145 -18477 -11780 -32150 -1479 5248 -16468 -32099 -30685 15825 -4559 -30425 21948 -89 -4896 16783 -11137 -26053 27144 -27286 -3887 -32405 -2708 -13681 -6687 12278 -31425 -3623 -15511 -7578 6590 6217 -10224 -31689 22722 1828 24031 -17881 -17105 -5700 23390 21203 -25348 14036 31860 6866 10054 
-19795 22453 -2040 -9860 7057 -8133 -22340 16990 4071 -18673 -19760 10993 22545 19101 7701 2918 -1375 -21522 -4400 -23607 17468 16819 -5402 29092 16560 -6674 -18058 -13574 30279 -2766 -26103 -26468 6504 -21608 -15914 -7226 23491 13479 25565 -13936 2378 -16910 -14506 30848 -11036 -5841 -8247 -6857 -22297 16273 10057 6552 2692 -4614 5610 -11865 19857 
-27112 19949 24956 -31325 29753 19065 13185 1229 25195 11146 5406 -6812 22608 -17228 -17173 -12918 14598 29328 -22502 28365 -4250 15204 32735 31911 -18120 20475 -32040 6083 -8790 -7850 -809 17474 -195 -31906 10274 -25320 30439 -31668 6633 26578 12903 14416 -16636 -22131 1101 24895 -13875 16662 7649 -14543 -27389 4656 2931 22797 -4751 23631 22452 
-28827 -7195 -19851 23554 -24372 -6660 7256 30485 29078 -31324 -32542 14997 8569 24706 2434 16433 3219 18510 2894 30892 -7509 8116 -22433 30956 -15413 17116 -22555 -21813 -15230 -5295 30670 20317 -15721 -7343 20109 -2264 32004 22579 32760 -10261 -23620 28065 15441 10351 17819 -12509 -20967 11862 8424 18991 14574 -13939 -6816 5093 4922 12833 12806 
-11793 -27470 4229 -12948 -28382 -459 -21484 20648 15730 -17607 18364 -13220 -9962 -11331 -6189 10241 -1183 -31291 13900 30397 7730 31016 29125 -10747 -1470 20018 -16068 -15850 -7654 8510 -18753 1737 24698 8658 -24399 30895 -17238 19549 -18379 -24790 -15126 22948 -29319 7274 -6168 -10344 -6935 24657 14759 19378 -17270 -30926 12561 2230 27467 -5712 24980 
-16487 -10424 6119 2602 -24786 2058 -15500 22772 20084 -8015 -32064 -17728 5252 26777 -22634 28724 -9037 -24373 27792 6591 24753 -18809 5131 -26763 -5467 16616 -12190 -12922 -13981 -14841 19636 -8018 -29020 -17248 -12449 -13645 32081 -20734 22540 -21154 -30144 -21353 -3344 -21196 -268 19848 11713 -3031 4560 -18070 6538 -27989 -21429 17280 17066 -30246 -29632 
-18849 16030 20518 905 -25878 -9777 -32610 -14574 -852 3729 14531 -24867 5404 1652 32648 -10026 8571 -16443 11707 17314 -30536 5970 27537 12963 -30219 -1529 23523 -13404 27994 14207 -9542 12099 -19971 -21004 -8769 8544 -9936 28072 -28411 -15066 13159 -25048 29830 596 -15873 -14699 -18852 -8621 -17193 1095 -21035 -17200 18504 25644 -29787 16345 12426 
11313 5873 -22309 12426 24159 9368 -10105 5310 6140 -28223 -20962 29653 -8256 4890 -15128 22650 16247 31466 -15641 -454 -21604 41 21712 12512 18005 5052 -3408 18101 18407 -6753 -6938 31842 5193 -29227 9420 27050 22869 -1182 27909 -21912 4784 10665 -29158 -11241 23648 29115 14952 -24749 29582 5199 29399 23298 -13792 -15892 27366 28129 19958 
5195 -24571 -12328 -7106 -19135 25796 2152 3122 -24522 -12809 -16456 -10410 16951 -19241 15715 8249 -21142 -4116 4330 -24687 1650 29435 27715 13129 24620 20186 -24853 8030 29595 -29905 24726 3499 -13846 12231 -13602 9347 -17311 4025 -21800 17413 3463 -20385 13132 -21520 11829 1848 -24686 20420 -27431 30355 27507 -28405 -5246 -122 -8554 6244 32188 
-13703 -26720 -1691 -5777 3272 -6782 7104 2164 -19517 18756 14864 -21647 -15851 -17963 21415 -25546 -16786 -11566 -22528 30274 8072 10288 -20654 -5610 7315 -28539 -16090 -25873 26552 28587 30606 -11863 -2696 20638 24649 2603 19669 29006 15522 -4570 -11203 6865 14778 -26868 -5129 -23293 -684 7633 21205 5064 -19616 12244 -25778 9897 3725 -5901 20505 
7958 18127 -9589 -22962 10003 -5257 26801 14895 12016 88 29292 -20224 -4578 32298 12677 14484 -6518 23103 -1414 -24051 25635 -24266 -12236 19313 20723 -22630 -10051 -24263 -13710 -28011 -25756 -14307 -3138 32375 29947 -4519 -7258 -12058 -2219 -2826 29158 5448 -31508 4861 19952 25590 -21428 -5918 18615 21440 -14527 14168 15020 -7690 -25682 15657 -4707 
27551 3573 12578 -25 -25896 -3357 -28029 -18130 10759 16326 14714 14753 13257 -2431 25726 -26415 -10646 26579 5387 20978 -23369 -23726 10397 30162 24619 428 -8212 20581 -1461 -20943 16596 -25139 -12177 28515 -25330 -15840 30431 -8481 -9409 15787 29136 -4515 7977 26043 -21175 23862 29498 11707 -7200 28409 -8330 1759 -1916 19317 19006 -7543 23730 
27220 -9036 -24832 17298 -3206 -9960 21375 -20778 12455 -21710 25038 27939 -8158 -5004 3465 18048 12836 29939 -10940 -19752 30517 -9795 29989 13513 29497 -14565 30294 30763 2950 -1060 28850 -29638 -19286 -20431 -19280 27994 -5577 29006 20708 -14827 -10522 -7951 16664 -27937 -26307 -6248 -11615 -23535 -22659 14271 -15554 -10680 22695 6686 -32069 1655 -26956 
23783 3382 3462 -1229 -29483 -24246 31439 -13691 -9152 -13365 -6663 22070 -2717 -8298 -9318 -23663 30435 -31636 -2851 -9229 -18537 -1840 13757 4051 15887 27253 30425 28361 -11177 13076 19614 -2531 26203 14073 29898 7916 -21399 19309 -32235 -25435 -22312 -18598 -3041 20367 696 11478 -25682 11312 30164 14434 -28334 -19551 -17422 5999 -9489 22690 13122 
19610 25420 -21099 -3156 -30103 8843 -14586 16140 -20982 20186 -7980 8548 22606 28346 69 29647 9404 357 11976 12809 -13631 -17622 -24786 31939 27796 -23900 -4953 -21277 -24628 -29388 -4222 23508 3677 -4872 -9620 13575 -1971 -17074 25380 9001 292 -15208 18087 -1351 1076 -14615 6557 2459 -19911 -27167 -10745 -1460 22162 -9688 13728 -20500 -15502 
-17593 -26410 14463 20645 10033 -7374 -23899 26759 -5162 29632 -31135 108 24311 -16226 -7433 -12887 15163 25762 -18139 9331 12731 -11404 -30956 23203 -31562 -10442 -21360 -15405 -22604 21011 20675 -2267 12935 4310 -10023 -4447 -29552 20895 28470 -20971 13210 -19008 -16611 -14271 -13636 -10408 32602 12027 -26213 -29323 -3625 -3483 32680 -7262 17461 -18969 -13909 
-2256 2279 -13153 -14721 -13232 32505 -11423 25182 -3436 25375 -15924 -19723 -23822 -15124 26448 -1601 15357 12654 2514 -17868 29494 12114 -7462 -24953 -16606 -5622 -9370 -11267 -9056 18399 -29008 -26697 -29206 -5058 1749 -3440 -5589 -23940 9286 13892 -25433 -12349 22543 3056 4503 11093 -32280 -21347 -16358 -27463 -5271 -11388 -3218 20092 -23878 -14313 -13071 
-21588 -10805 28489 -13295 -15205 19708 6292 17310 -26808 7768 -6151 -31411 -388 6708 -29948 -22849 -17511 3245 -12307 -185 -8345 -27120 -17543 30067 -14092 15438 -24426 30412 -19301 12830 19451 -14764 4862 -17696 -25902 -6583 7774 -19018 23895 -21773 3675 -19388 -30075 -8710 -4757 -23895 -8309 -10486 8696 -11080 -21977 -26860 -12862 -16236 -12393 -32316 -3315 
-27007 1859 -2817 -2543 -24075 -24367 6866 21816 9694 13574 -16679 -1723 32595 -6 14378 4689 25389 -12693 -25890 17920 13848 -10566 5284 -12321 -12146 17821 15476 -10763 -28171 -2482 4827 29255 -6793 -15731 -15131 3432 18671 6260 -1294 -32727 22504 24301 -29157 -11939 15209 -2574 5443 12913 26708 -7678 30168 26935 -25913 2618 -10500 4117 8790 
15102 18244 -10564 -28027 15382 -28359 11936 -11827 23757 4047 -4656 -3877 2896 30247 29402 -24316 -13668 952 -25756 5449 5057 21293 30535 29156 6259 5569 31061 7332 -20914 -28097 4173 -30350 -8289 -29476 836 -9347 14495 28611 -16338 -28150 10982 -20016 32420 -18177 5296 -10828 -12499 -12781 10919 9780 -4472 -6756 -15991 -2068 9869 4653 5479 
-27336 14826 -17884 -31070 -24381 32582 17155 30062 13840 366 17691 3039 6248 -4216 -24492 -14218 1797 32745 11636 -8168 -19300 25733 7120 17041 -16519 14124 6907 24730 27077 8206 22489 -17986 13931 6354 -14824 -21471 10611 -7188 -20646 15329 25154 20751 -22088 19495 30156 3873 -10965 -27382 9696 -10287 4987 1933 21642 -27804 11971 6206 -10657 
29352 -2169 -7673 -18585 21376 2860 20797 -15390 -8138 32396 -23613 -31949 11645 15478 -7702 5987 31795 -16922 25905 -26124 -21073 26403 -19891 1650 -14016 27360 -32017 -20550 10764 -28607 -14743 -19144 -3059 -23673 3641 15636 -12434 4155 -32445 7752 -28270 6302 18019 -27312 -853 5505 -10010 -249 -28577 -633 -6088 491 8587 20383 830 5811 -27832 
9289 10312 -14365 14884 12389 28690 -680 -19996 -27393 -642 9935 -5863 28197 30842 30517 -5710 -16042 -1651 -19224 9658 5956 2196 28773 24788 11752 19715 -2446 27922 -27508 -21410 -17458 -1615 3225 -17124 -19934 26456 27910 -11023 18336 -25355 -13235 16798 20351 -684 31568 -8312 -18182 3513 4999 -18092 32595 -5210 -30300 25603 18283 4558 -2853 
-23555 -30298 -1015 -2283 -27420 16490 13943 27975 6336 -8218 12029 7606 1769 -11767 -32766 26046 16490 -735 19053 -20832 2753 -25751 -7907 -32096 29472 12685 29764 7709 -8314 2239 27849 1235 -18108 -20052 -17922 -30874 26864 -20489 -11187 -7756 -10330 9427 -22353 9401 -16263 -17876 -5999 46 16208 -1555 25355 -27213 -4900 -6755 -31569 14991 12676 
-862 -2718 -19654 18340 -11568 32193 24057 10426 88 426 -25249 -25415 7921 -3550 -7795 8116 -1610 16376 1279 -9171 17613 -26458 30877 -24595 -30080 -17902 28698 19105 23755 32410 -2925 -26356 -10475 6894 23824 30988 -25639 -1673 9291 -7397 30685 -6828 -18865 -3898 -8141 28573 -32739 -2669 31846 -6416 -735 27924 -19868 396 31437 -12899 -16119 
-14462 -4204 -20579 -8189 2916 16667 13844 19278 9744 12984 31111 15603 -4946 -30028 -23542 -912 20529 -18510 -2280 10041 -32092 -8020 -23806 -21325 16860 10071 -2004 8363 18321 26328 23570 -21136 18015 -25274 -23595 12545 6132 -14688 7059 -15616 17749 24776 -3609 -13799 13425 21286 -9945 -7435 -32569 5864 6497 -26768 13789 -8231 -20951 26191 19412 
7796 20185 -1758 20175 3021 -10529 -5502 2955 25591 -23948 -5644 25742 -2694 21237 -12395 -23094 208 -30465 -18636 16214 25523 31264 7341 23632 26093 -24523 16507 20527 29168 -7703 -26698 -2971 -22559 -30121 27805 20709 -18615 -15858 2073 -2640 -16565 20867 8264 20699 -20286 -25370 -4200 -17119 13776 -24691 18981 -26694 -3926 20928 32727 6939 -15080 
15165 -30846 9539 13895 -6351 13853 13872 -7532 -22489 31694 31682 6674 19379 21064 30234 4089 31382 13425 -12056 27683 809 20767 19667 3507 -4812 -9776 -18677 -17491 14343 -21148 -12818 -17967 -30107 32119 -12535 -16485 -4278 28245 9870 31502 18310 3275 6496 -32336 11900 30085 12960 -27385 17536 20148 2855 16061 -17561 4404 -25022 -22580 32360 
23075 -24062 -6193 -17098 5017 15464 -5555 10259 8805 20536 4449 -4303 -27972 32305 25681 2013 -29283 -16246 -6396 17731 32721 16515 -30201 11781 2290 8052 27383 -9471 30784 30683 8269 -27806 -19164 -12820 -7510 -14875 -29251 -25500 15941 -19370 5557 8144 -11733 -5149 17952 6856 -27171 2099 -23606 3742 20969 20385 -16669 30799 -5556 18827 -14992 
-26859 -9377 23526 -19595 19253 -16191 -8172 28920 -12569 -7555 -26606 8388 -23976 -6986 24855 13179 -25186 -19720 -10319 25521 -1633 20136 1951 26840 27212 4553 26495 -1196 25279 22824 14798 12964 -581 5248 -3489 -29897 7225 -2679 -21224 8941 20263 31044 -9931 21747 27323 -16746 32593 -24894 -4167 -29802 -32620 9187 11074 23833 -22851 -19487 20315 
19254 -22616 -28474 16030 -20702 28560 31742 9096 7102 13286 -27001 -24257 -30640 22948 12167 -12491 -17200 -685 -21357 -17306 -20851 -29380 -18224 -14069 -21513 3962 -418 16414 -5118 18968 -4076 -23702 23178 -31906 -7410 -24663 -21451 10316 -22608 -30709 -11472 -28940 27502 7218 -24691 -16773 22406 -20681 -31771 -22772 -18540 9202 19892 17792 -31370 -26419 -7540 
-26466 -14107 -20957 21658 7591 69 -27728 -29832 20199 -20383 9841 20230 -21017 -24199 28233 19066 -27688 19555 27825 758 -3618 -28173 297 14418 30898 17464 26655 -31412 12141 -939 -23795 -18527 15572 -27840 -20631 30071 -18123 -20619 31684 -23120 31010 -16260 -11971 20767 22373 29296 6585 -31579 3716 -11590 -9421 9471 -4990 -19671 -23513 -16886 -10665 
11456 -10442 -29321 12325 -14547 -32211 23989 23520 -16345 6605 3720 -6695 11867 21846 -12687 -2535 28877 26092 18474 -13674 9680 -19382 13052 29024 5643 7461 29007 -28803 24799 10411 -4288 6368 16917 -4763 -12043 -25388 -4830 -28313 -10539 22470 -9426 -20584 -24052 1126 7663 12537 16167 23188 -25184 29913 -5079 -308 -9540 23905 -6940 4384 -12131 
4626 24640 -29892 -11471 -561 11648 -19942 -11410 -11223 13787 19935 -5365 -16305 -12556 26907 -21592 26908 23188 -27426 -22794 14305 20740 10405 26694 29880 692 -32628 -31987 -7713 11446 -20079 206 -17984 -12461 -22672 -7507 26514 -30775 -15929 21248 15018 19279 13080 -18248 20307 -21687 1114 1179 14171 30195 24291 7815 -18778 23963 -12988 23103 30591 
28463 30272 -12515 -25310 14747 -7316 -30847 -7341 7855 -5112 -7337 -16874 -2650 -25677 -26717 1823 -9150 -5908 15165 -2752 20132 20529 -11871 -16473 -19137 -17625 -18534 -20218 -2953 -12584 25961 -1984 -6141 -6681 -14706 773 26212 -19669 17285 5488 -27752 11034 -13124 30181 10059 -16697 15234 24882 26406 -12646 -23491 -4671 4812 11481 -7978 -28608 20938 
32228 -15985 32423 -6727 -21299 16674 16914 -12066 -17461 -29161 21221 15716 10458 10751 12128 32746 27611 12020 28976 27308 -17128 -26691 -27298 -1359 7522 15924 28899 30424 19554 -5692 19965 -2280 584 -3143 -3880 -24144 -4057 -23431 -4114 -17945 4656 -9653 -3168 29004 6372 -9259 17199 -20846 -18799 29870 6678 9623 -27396 -8935 20820 -2165 -32583 
9664 5015 648 -9205 20809 23274 16862 -10519 17897 -32427 28017 -4847 -8876 1431 1020 14854 -28827 -1896 19200 -14866 14360 10449 -27383 -16000 -3522 -14879 25810 -1257 -13912 -18083 14100 -20617 28652 -28366 -8544 16015 10882 30187 17401 -29895 -10763 2566 -5002 -19088 17563 8563 10728 1180 3602 20407 3194 -11361 27501 19009 -13872 -286 16802 
-7863 47 5493 31603 -10566 5909 -31217 15736 32241 -24000 22395 -2889 -11429 -29335 7668 23109 -31289 32562 -17288 3939 18294 11938 -12717 -21192 6255 -14182 2682 -902 10405 16356 -29740 27534 26041 -11349 10133 -8154 -8441 -5506 8635 15142 25212 -10942 -6277 -27067 11956 14922 -29545 -24227 23073 -2383 -21702 -745 -15105 -20349 -13746 -7993 -23621 
12294 27822 21834 6770 -14528 -32692 23926 6030 -29306 -20610 16822 -11105 20255 31923 3841 -16285 -22641 31153 5250 21804 -31279 972 -24987 -21996 7470 -6602 25250 -21062 8576 3875 -29319 -25309 -11516 7140 18878 -15736 21071 8200 11417 3417 -28324 29649 28685 -6 -6045 2907 12970 32679 23934 25094 -30542 -22183 25153 12514 -32077 12756 -27731 
17394 4761 29061 -23448 -7021 2471 -9025 22609 -28649 6898 -16293 -32660 27779 -23031 36 28736 729 1974 -15855 -247 -9607 -17761 17717 -3798 19577 -11803 8147 -27158 13372 25688 11152 -31593 29829 -23962 2895 3866 -11725 19208 25142 10493 -24737 30633 6415 -4773 -26652 -21579 -6994 30167 8865 21892 16322 -31264 -20895 -30072 12911 26830 -8844 
-31765 13523 -8927 -19263 -3674 -17108 -21676 -26065 -29584 18683 -28225 -4315 -15994 -1854 4421 -10548 -1610 -9825 -14914 -10000 -8585 19894 -13710 -19967 22333 26160 892 -23762 30334 -29273 25119 -7396 -27850 23261 -28361 -27565 -20035 28429 12513 -27928 -20664 -21438 -31991 -3383 24317 1071 22124 -23505 -24471 29177 8342 8193 5399 5941 -21979 31412 22854 
-14302 -7947 -12815 -11945 -11353 21157 -26714 15819 25175 21625 -15043 21012 11218 -8846 29425 -22066 25751 -11931 -31125 19470 -2333 -15979 -12045 -14348 18728 -25159 11503 8284 -9566 12516 29800 -20151 -11155 -25183 24288 -6160 -19922 -747 29861 -20185 23091 17189 -16219 -32510 18716 7938 -20375 -27550 -7674 -26309 22523 -13851 -3878 8095 -12823 7642 2672 
-14003 -31219 23570 -21449 15259 -1838 5603 -6834 26569 -15218 -5770 27510 -25682 5983 -4821 27025 10599 7682 -10933 6478 25845 32734 -26872 -32491 24617 28089 -16125 1963 -18947 20512 4692 11120 -15294 -12270 -29419 -24272 -8628 26811 4938 -22322 -26007 20502 -17232 8885 16270 -18914 25606 8794 15953 -13430 17061 -31155 20655 -7716 -9067 -12372 30006 
15082 32007 -18550 11408 -16718 18113 11079 -20022 1805 -29606 -24819 -4316 -15848 7419 25129 -24602 -9643 16970 -28259 -6897 -22911 -10467 -13078 -7211 26532 -25784 13638 15148 -7803 25303 -5391 -2541 -2676 5501 -695 27778 -3688 30985 2741 27094 6236 16124 -3112 9878 -22757 -17309 -31702 -17973 -5612 -31713 -22816 -17117 29906 -3846 11438 -5181 15198 
-24974 -19603 -28768 -31715 10178 30251 -1710 -21245 928 -26278 -3039 -16002 27663 32060 -3951 23959 23361 14175 21624 22080 23685 9358 11646 -9408 20865 -29264 11175 3153 7215 15814 -7749 21977 5111 11199 31496 -5729 13207 -21848 23967 -24112 25901 -1070 8116 -5999 19731 21315 13013 30855 31403 -2689 10778 4966 12970 -14232 22017 -30950 -14202 
-25019 -1337 28813 5959 27560 -9679 18625 29893 9670 28877 7759 16 153 -16898 24127 27685 22889 -6307 -19373 5665 -25288 -30808 4118 -1798 -24224 6498 -32295 -15352 2436 6822 -4761 19534 -18598 17229 -30799 -14934 -16191 18015 1466 -24460 -12966 1113 7499 -17273 -3845 2815 4124 31643 27007 -28181 2159 28027 1969 30391 -4543 8252 20922 
-14107 28526 -30613 -27451 19149 24229 26707 -32588 -30202 30169 -17012 -28903 19777 23768 8138 17251 -26702 -31715 -4314 20593 18685 -23708 29056 19741 -9030 12935 -32257 -3954 17358 -246 8660 -14827 -25344 -28533 10720 394 24218 -22725 8365 5790 -28141 2404 4819 4594 10641 -25592 29770 30618 24339 30545 -3319 -15571 -3241 7669 -25241 7923 6280 
3848 25750 -19171 -16556 -20372 23687 13580 -10764 -21184 -7839 526 7347 -17491 12127 -24975 25671 -18364 -8445 -30611 3265 -12405 -2886 2892 14729 14334 -11408 -13873 -31575 -17340 -7084 -21406 -17580 -258 24219 -18119 -9277 13128 28545 25487 -15618 -16554 28796 27852 -23303 26060 -20831 17426 2946 -20912 1577 18730 1778 9060 -18766 -17123 -8567 -5535 
995 -6332 -23547 20234 -28282 -10378 -6347 12003 -15035 -22671 -30687 7517 -26012 -31450 -30091 -32415 14334 -24862 24639 29417 -20440 8311 -31224 27800 -18238 20203 29681 -6712 1312 -8761 -8050 3436 30047 24496 30511 23036 21565 8683 26164 -20880 -13805 27170 20353 -5066 -5553 25902 1756 -4397 -5219 -18579 21769 -7419 16755 -30426 27614 31159 12968 
-16843 27951 -21866 -7209 19936 1200 9045 -30594 4167 -26152 29560 -5497 -7885 -25817 -9867 -14284 23970 15729 -5857 -19478 22821 14599 13581 25252 11252 24897 -26360 23826 18616 -13791 -23774 14073 -7180 -16196 4033 8213 -31591 28480 2860 23716 -8138 14804 25912 -1782 -25743 -6262 -28253 -28942 15194 -30847 -4589 -9618 31712 -12502 -27278 1434 13760 
-9995 3054 18676 16476 -19613 20350 -14075 11546 -4799 -23863 28176 8064 9568 -29843 -986 19071 -10153 -29177 -28722 3456 1626 -13980 10522 15854 31666 -29775 25521 -20009 16635 -18311 22764 -26553 2574 30969 -7765 -3494 1284 25071 -24013 -26813 -23814 26410 4991 31556 25502 -29299 -6794 -32542 12336 1134 -9211 23027 -9233 -8276 -24213 -421 13305 
4141 -9940 -2463 201 -3651 9370 16521 9485 5865 21181 30097 -7799 11882 -6926 6743 18863 32206 -24795 -10891 18831 -30062 29003 -22599 -16130 -1428 -31016 -7913 15061 19656 17402 -30179 -29007 -4284 -2548 29177 16788 -2797 -18209 15731 2754 -13786 -17433 20989 24571 -246 -29543 -29908 2993 28030 11608 30537 23143 -22366 -27187 -21797 32625 -7647 
16685 16886 7591 8243 -9057 12877 -5091 2859 8757 -9860 -11733 31894 -12326 -28351 32519 -9737 17262 -14795 -4034 -21921 6748 30504 -6705 -29609 -18034 26969 21142 2453 -31042 11138 10877 -11385 -905 1112 -10776 -12441 29280 -27709 12504 24194 14929 -27021 -29372 24511 -29638 23520 16507 9908 5473 -2573 -2965 -17726 -212 30944 15445 2618 -794 
12392 -11681 -13687 -19803 1832 -14950 -19680 20602 27589 -20514 -10833 -40 22590 -29348 -30907 9431 14410 -8554 -25740 5352 -8624 -31428 24820 -12307 -32369 3883 -22877 17066 -31295 29954 7230 22961 4898 23921 13425 -25354 -2197 -18438 -26201 -29160 -3191 -29845 -23304 -22363 12414 -30098 -19773 -19435 -20835 -8975 -13541 19887 -10488 23712 -15931 -9060 1670 
-22768 -26142 -6390 -19287 5637 -14046 21502 26846 12166 -25175 5438 -13583 4292 -826 -230 -3149 -5656 26535 -5170 -30870 -9564 27273 21820 -13198 31068 -27989 11495 -18604 30190 -15399 13993 2300 7921 20507 -30207 -623 -5642 -10561 5923 29028 26105 31879 19276 -18617 28752 6340 -11525 -4328 -3840 4964 21294 28211 28887 -15783 3178 -27522 17199 
31166 11809 12730 -13286 23994 7745 -14792 17217 32762 -15700 29226 -22320 22651 -30650 13735 -414 10991 16475 17348 5725 6971 14514 2647 -7546 19698 8161 16756 23457 26393 15793 -12696 16678 -18524 25037 -24230 -18816 15610 14550 28720 27756 22412 -17282 28545 -23063 24251 26089 -3694 10797 -9503 5437 19818 -27313 -28987 9595 11224 -30381 -25343 
29610 -30891 -6699 3783 -15581 25866 24453 28789 -26136 -13740 -8550 -32149 -24990 20992 -10707 -30314 -28890 18593 751 18257 -2958 -31042 30519 15377 -19070 -23603 -21913 -30797 18592 17616 6942 30201 30559 -31059 31738 -13974 -12322 3505 -3285 -7390 13218 29476 -25923 32585 21427 23924 -21521 27613 -11397 -5580 -6173 12021 -18505 30781 19817 21106 24487 
-16660 -17666 4539 -21433 17218 3928 -29993 -429 5921 -10554 -19707 8211 -18332 -11859 2183 -499 22281 11732 -3215 -20042 -24183 18974 -22908 -2713 -2265 16396 946 -18042 -4263 16717 -562 -30148 3613 30396 24238 -31945 11523 27395 -2316 9920 10828 -5483 -31098 -2545 18719 32371 9087 -16957 -3740 27670 19602 14785 10730 13449 -2989 -15666 -8631 
31739 -18343 -8911 18773 -17491 -19884 -23026 24551 7894 13861 -23642 -7241 398 -18722 30512 -29221 7143 -28226 25673 6685 -4913 -15885 -12913 -24036 17603 26206 22237 -14472 16822 29714 -18566 26863 -10116 6387 -16363 -20944 30250 -7636 15701 -7449 -3513 9784 12034 4569 10926 -3542 -1817 26293 14549 -30131 25707 -14574 22297 -20754 23582 -21762 -20258 
19391 -29682 16839 31552 2773 -31227 17046 -21866 -16333 -22744 12391 19673 -26615 -4135 16308 16137 -2771 -6471 -16197 27962 -27072 -12464 -6891 -18544 -15467 15191 -16013 -21818 21935 -14689 -31197 -31003 30979 -28770 29093 13103 22352 24004 -1658 12417 -21014 -1663 -2633 -6951 -15685 -13282 19391 -26547 -11222 -20987 6021 -24829 -15820 -13213 -20043 -17959 17840 
-21958 11703 2439 5562 -28554 5452 -19569 7957 -11414 -15208 -12716 -18902 28078 -1937 26532 -395 -14368 -5921 -22544 -20034 -31345 -10956 -20037 -11543 -18250 -15557 -1618 -31852 -32239 -27671 21881 17757 27789 -30315 -8353 2027 30688 10823 22401 -6229 -1496 -22175 -15457 -10420 9288 -1773 26507 17203 -7877 29794 -27357 17106 1961 2013 24485 5225 -6407 
-30787 -23408 25659 20654 -12091 -24129 31991 -31964 -25780 3516 -19321 10145 -6059 18954 -17801 -17999 25984 20606 25655 -21362 28639 -15900 -1035 -3000 -14776 26196 16518 -6625 -5371 15431 17566 -12759 31177 13188 18723 -3494 -15555 2549 -6560 -13256 10718 -21610 14926 1451 32388 -32546 861 -21938 -11342 25139 14164 10208 28823 26487 -20113 15877 7394 
-29995 29136 10764 30809 29181 -12506 -4465 25087 -25910 8760 877 11591 25825 22012 26735 -421 -9596 26256 -24887 -17642 -9006 -1629 -31999 -29833 13361 -23483 9448 -29714 -28127 12461 17730 -25462 30472 -9573 -1000 -13365 10877 22266 -27081 -14113 6109 -5336 2014 -15873 20790 30363 27879 -20967 12506 15928 12105 -2076 -9330 26655 17102 -3693 9076 
20792 -11387 9774 13264 26498 9005 11878 -14087 -21155 -21598 -5008 8982 -4321 -3920 11215 -28847 32053 28080 26822 22294 -22929 25153 -20995 14527 30696 -14167 -8259 -20911 30322 -14587 -20082 14041 8507 30136 -14629 27254 25083 -10020 -6101 -15884 28067 -27924 -20887 -6685 -27559 -15395 -9446 -8281 -19958 3163 -18072 20104 13567 4264 11964 -31670 26369 
-27590 -29495 13732 -3278 20108 8248 -9088 -20600 -29302 -7857 30988 -5932 12756 31964 -27360 -15447 22598 11711 10249 26588 22971 246 -22227 22410 -24268 12602 -29964 -32235 6367 16922 -10596 -10308 -19760 32747 25111 -24803 27179 1834 23579 -9249 18424 -27038 -14969 16611 -19562 13968 2845 -32535 3123 25159 -13070 11010 5933 20865 2774 29859 -14118 
-24259 19353 32179 -9657 -14033 -7687 23609 14701 -3805 31226 -1712 -9774 22856 32338 -6189 -23331 -4343 23506 -29805 6695 -1743 -1384 21932 -23399 19589 3715 31733 16327 -7226 -11247 24354 -2658 21827 -3827 2308 9708 -21592 6879 -30064 -13597 -1807 -15336 3189 -10519 20550 -5867 -23269 -9253 4089 30153 18508 -7779 -12739 5611 -18527 21734 15246 
19034 21353 26259 -19521 -21591 8831 -7441 29708 30641 -18353 16016 -10233 8231 -21528 20103 4790 5999 -17163 19348 29476 -20228 13544 32326 -6584 -30669 30447 23717 31117 -29262 31079 17214 -21529 -3066 17227 3041 19797 -21608 -18506 1473 6252 -18640 30185 -23122 -29463 14361 23681 17367 30741 -12307 6187 30462 1461 -24674 -10186 -10737 -13041 21692 
-9408 -10225 -26861 2151 -27864 6818 16233 11328 -2448 -6129 8293 -3609 -29162 31227 -23700 -6411 -31197 13709 27462 25225 -25393 13089 -10920 -22489 9365 32425 24863 -20756 20761 428 -21489 -32530 -7843 19289 -15973 28415 -25565 -1508 20007 32041 29004 25425 -577 -22906 -6895 -4901 -14486 -6230 27716 2118 -11855 32751 -11388 -17611 -10545 -2027 -19703 
27823 -19105 14728 21784 19712 3918 12846 -23761 5688 17041 3709 30019 16615 -28601 15231 -27743 -17797 15659 -2525 30483 1128 -13248 -11862 12402 -21557 158 3458 16551 -17403 3890 -10036 -20254 6932 -19513 24613 -28554 18252 -18499 11953 -28967 19234 -13632 -29038 -23376 -18532 24812 3290 23347 20689 3175 -32247 -2738 -15403 -29602 18564 -31062 8950 
-30816 -2475 24997 7769 -18682 -21195 31543 -29687 -23933 9180 -17782 5651 9434 890 11821 1749 -19435 15671 -7584 -27047 6678 4837 26487 -20793 26415 -15114 -11119 27885 -21771 4976 22193 13201 31662 -1685 -14751 -18319 -15107 -28724 -19703 12091 22812 -19064 15119 -31484 -26803 -20652 -28898 21737 19553 12097 21928 -6164 2433 15258 15943 -21034 14392 
-4872 -5353 24193 -31983 31431 9476 -32416 -2461 9428 -10422 -12364 -8361 9557 4729 -27618 -23050 31262 -8074 21223 3217 21193 -13007 8528 -22244 -18942 978 -13827 32394 13943 -11883 20795 9014 -21948 24410 28620 20417 -5500 -9012 -2518 24131 -6712 3175 -18601 -22970 21659 -15626 2352 -25386 17419 10038 15240 -19566 25887 15344 -18711 -31709 -22048 
-4180 2619 28943 -28992 -14821 -13366 30688 29459 26599 18656 3383 22966 31439 -2364 -2055 11713 5488 3081 -10416 25381 -19344 -22454 20066 16778 -28125 16026 23117 -4527 -19879 19204 -24193 2542 27161 -24449 16725 27312 -1266 12980 -12821 -17286 23595 14352 -27929 -2303 6498 -6884 16538 11412 29402 3228 -13907 -2317 30093 20455 26788 8192 -27717 
-23637 21624 17927 30548 5613 15910 28806 5030 -31235 4325 28601 -11569 23889 -13803 -22460 -27063 1115 26286 -26093 -8868 28481 -28437 8072 -19 -28754 -15440 32055 3287 2414 16522 -7083 -30596 15107 23328 -10348 20260 30841 1977 -8984 3866 26986 13424 19390 -17250 29162 -29666 -22578 -23059 15571 -14096 31264 17415 11120 -30306 -19081 -4652 5718 
-22237 30225 21233 23678 -15254 -1967 16945 23449 -6839 27373 10710 -20850 7498 20940 -6904 -16343 16051 25416 32590 -24700 17875 -27683 21530 -31479 31166 -22179 21010 280 -14188 -30751 -20560 31692 -32085 9542 19912 3893 -10364 -4880 -23479 7668 31126 29347 -3401 -29014 -26338 -14078 -26525 -19344 9299 9413 -15120 -31575 31495 -18050 -2050 24183 -18700 
-10889 9091 -8469 26405 10508 22440 -15854 24107 10234 3266 -11396 -27005 29122 -11992 21530 30951 -8480 196 -10637 9070 -1014 27661 28793 -1847 -32574 26511 -15565 27293 23515 -25404 -4374 -3236 -13040 23722 15845 -16037 18202 -6914 31649 2084 28526 -31241 24911 1279 322 26741 -16774 -7687 -2724 -22501 -31682 3622 -32338 -9878 18084 -15302 1824 
-294 16662 8323 11029 30824 17387 -14638 19000 -1007 -3755 1592 25633 800 21007 7706 8375 -2982 32267 -23552 -15824 22131 -557 -29171 -20901 27761 -17002 31149 -16229 14326 13994 -3491 10580 11992 -27097 -20294 12322 13188 -27862 -26781 -32282 3442 -15385 4342 -23731 -17993 10684 -1549 -9867 14069 28852 29054 7661 -19381 -15841 26248 5800 21630 
-15668 674 14079 -27185 20413 -9632 8605 14237 9964 6997 -21085 -32216 -2072 31603 -1933 -16990 25010 2890 10994 -29250 25212 -2470 -9835 -20206 25408 -12057 -29743 14692 -18815 5011 13961 -8587 28540 30882 -26852 16718 28604 -8250 -192 17913 27743 22907 30145 -29274 11617 -11044 6933 20364 3899 22696 -25685 -27760 -19135 -29663 -28157 11121 12515 
-9059 4491 -16973 -21976 -23616 -576 5489 -14310 7685 14569 -31849 -8363 -21432 22464 1321 -5954 4969 13572 -20630 -14795 9486 7766 29211 -21114 19072 7279 -3587 11969 -14173 6248 13947 8534 -24456 -1931 19725 30270 -21334 -19328 18411 5244 -3931 24744 3113 19252 699 7452 -3699 18770 32628 12848 -825 24786 -26057 -24175 30512 -29925 7557 
31665 22105 -14554 -25304 -27 -29325 4386 -17077 14321 19321 8402 25752 29033 -8407 1888 31646 -9598 -29326 -26070 -21775 6404 -5032 13623 -5620 796 9163 22752 -10913 -26773 -5229 -32236 -16405 -6794 -9839 5812 -30909 5834 -1369 -30995 -2716 5315 10881 -17216 13597 5252 -10317 29435 -19953 27423 2657 8280 -2408 -29419 -28609 18733 26303 -18801 
6419 30122 27024 -3252 4072 -7388 -8020 -20879 -10694 -22667 4663 -30384 15522 13759 8720 30060 12167 -31078 18111 18230 23233 2689 21212 -27327 21752 -20645 24352 30741 -14544 -16295 10808 -3304 5784 5510 -27663 -25639 -19815 -21087 -14390 -19430 12197 25570 -20136 -5801 27745 27728 4632 27519 -13548 -16746 -31342 325 -1871 -20306 21875 13408 15835 
883 -17253 43 8451 18965 3392 -29975 27527 22083 -21266 8819 -5421 -27504 30605 -11828 -30223 -23924 29550 -25828 25728 -3760 -11960 29186 298 -16523 -24864 4807 1143 -11438 -8309 27711 -2840 3502 -27235 -32231 27430 -29509 -18233 1200 -25330 -17778 -11690 -16473 13422 20654 -26933 -5411 -3299 20168 3860 9971 -22159 -13136 -9999 -7997 25240 -11667 
30663 13091 -28658 21465 17382 28043 6850 -25838 2082 -14987 2394 -10904 -1315 -26254 22577 -13216 19073 5298 27877 -16519 -23515 2486 32023 -20902 -14306 -4090 21163 32239 -22169 5299 5963 16404 -25376 5384 -30227 31958 -30186 -28812 873 -10039 -13458 -10776 -28839 29901 -15172 10084 -19301 15465 8300 12790 12614 20284 -3509 5106 18644 17434 -21000 
-12281 29917 8035 19592 -12989 31136 7754 10968 -152 31606 -31601 -198 15939 -22070 13638 -13584 352 7058 18680 20933 -26171 18543 -397 30947 25203 7461 14359 -4802 -27789 -32164 20387 -19700 6130 -29409 -2431 16695 16057 -15689 23332 -20450 27507 26730 7297 20421 16123 -11187 7798 -9696 31568 -3371 -3048 -2174 17852 -29413 -7468 8347 15429 
27277 524 10388 5247 -12833 27131 7452 30144 27940 -3799 20456 22925 18370 -31535 -30855 10127 20314 -29198 -21955 -14356 -5522 7395 360 9451 -8954 16464 7852 -17366 5421 11477 -11431 30235 29424 -10236 -18764 -26407 -23096 -16578 -12626 16167 10353 -28689 -14312 -14651 -14247 -12660 11187 32593 -13543 -7308 27392 -4528 -1205 -13341 -7168 -1449 -15663 
12409 -6873 -28532 4894 -23015 -17388 434 -28385 10205 18718 -24614 10699 25925 -5786 -24239 -32123 -17048 -22827 6473 19919 -11649 1080 -6020 21807 -24716 -12032 -5911 30005 11968 -16687 -23315 3163 15858 -5876 -27441 -20182 -20724 -20973 -5297 -7114 3957 -26196 17294 -8453 20309 18797 13717 24085 4717 9791 -19389 7038 -28496 10932 -19211 -22199 32705 
15244 -22639 3652 -7455 -32676 -19853 16626 17254 -17246 2607 -17888 -13237 -26861 32311 29584 5808 -25391 -5429 -7973 24259 22993 31539 -21192 1902 13832 -6539 12317 10988 -22083 18883 -13906 -12777 28941 16352 24042 -20745 31124 -3758 26563 -27496 -31898 18189 4916 12555 -21911 11822 13242 -18813 -802 4171 879 4261 -15899 -18931 25243 -27981 23801 
-17769 -10222 -8786 -19346 23299 9390 -16983 28364 -20804 -22655 -4316 10183 29140 -22136 -15572 14349 20939 -31023 -14711 -15072 -14869 27749 11522 24131 -24887 26190 18549 27561 -19870 -7245 -19537 -31888 -851 -12095 -18932 22284 -21275 23317 21930 16817 28409 21986 24103 -26757 -21413 -19650 -28557 7042 -3931 24683 12398 -29921 23190 -170 7780 -4914 25113 
-1868 -18497 25379 -4729 31726 27458 9960 -2975 31969 -31585 8361 -9816 10143 26842 26628 25840 -22541 -17532 -8108 19613 22993 -29648 -13077 -20851 22863 20029 -17078 -31678 4185 -31983 -19979 3392 28311 25292 3787 -23647 20711 -24312 30324 21601 -22066 -29330 17859 -25456 -6297 6668 15411 -24804 3643 -12623 14835 8669 -299 -8087 -30036 21762 22140 
-17988 18595 23395 -29130 25259 13327 21906 9908 -15801 16614 16993 22423 30113 -10170 -8521 26073 29912 -17433 8674 17241 28084 -5998 27567 -18061 18235 10714 -19418 13877 -13780 7270 23278 30570 -15779 -29075 -17586 7325 -9191 -8550 -23862 -32347 493 -24086 -16198 -13692 -32261 22575 15903 26522 -5763 -12713 -9250 31400 26733 25627 17202 -9702 -1544 
19020 -380 11489 16219 -6663 -14214 -2586 26025 25934 18861 -8420 -1393 -19584 -11229 10736 -9165 -3104 23453 -24328 -31842 32545 -27543 -31162 -29911 -21594 23738 -12741 14982 -1995 2074 4355 -1241 10801 -12739 20617 16756 -23670 4078 22239 -15191 21358 -15618 -23278 -10345 -15021 -25996 -13027 -27918 -20792 14263 -30926 -2572 5043 15819 -15622 -28994 27740 
-19047 -29404 -1910 -12433 7014 -28436 5540 -14858 18192 -18363 23902 20097 23432 27705 -27053 -32352 3082 -2403 -30174 -1390 -6327 -14910 -31473 30198 26660 -10348 6289 17312 18753 25365 -24803 4763 -9593 16907 24781 3402 -14794 28941 7945 6515 3174 -12721 -10191 -21619 -12201 -22625 5871 -6275 -30625 -32111 25223 -26132 -3844 13981 -7898 -6534 -9683 
5337 -7548 -18871 9700 -25724 31505 702 -29835 -32344 11761 -4365 30821 -20311 -22304 19143 -28777 -17744 2305 422 17940 15957 -2940 12424 13772 28003 -3177 8065 19409 5789 -2761 15997 -23038 25926 25239 2108 1348 19733 -12230 29945 16942 -9680 30325 29964 23590 27555 -28986 -4546 793 3828 24485 31243 -3075 -25079 -18364 -9646 3290 292 
26786 -9436 -26608 -20997 -25782 23975 17523 -28964 3235 12208 29377 20940 -11532 24577 -23211 25544 -26307 5736 -16741 -16370 -7782 -7373 29380 13022 -26489 -22196 -27986 -19799 11506 2971 9797 15980 -22398 -10342 17692 1098 17181 -24962 10666 -2936 29652 18953 -24597 -9421 4931 23722 96 29176 14107 -1069 -12943 -6977 -20571 18929 -32508 4627 -25240 
-16059 29436 32046 16972 -23438 9590 -12723 -14941 -29981 -5743 -16506 6350 2250 17637 5209 -3597 21085 -6700 25002 3773 648 16523 -6628 -18085 17615 10615 -3871 10691 4756 18711 -29993 -27859 -5086 2510 31604 -4741 1883 26624 -10935 15123 -12426 -20389 -3028 -14204 23797 -6862 1711 -17484 16623 -1170 -23363 -140 15764 -2341 -23851 -6837 -10920 
-12739 -11131 -23151 -23315 -6583 7603 -27479 20578 28922 24844 -31116 7019 31255 10048 30339 -22908 23248 26181 24345 30830 -31962 32365 -7685 5050 24806 15475 26592 7373 -8430 -24451 -827 11430 -12630 562 -880 8547 8231 24112 -26009 15833 23833 -24311 8811 1907 20490 23650 12123 17213 22479 -17539 -14396 -27891 -4199 -13780 -16341 16363 32763 
15266 -9274 -26152 27564 8858 -5186 -15120 26261 18814 -14248 -17707 -17472 -23420 3953 944 2150 18646 27446 9750 -15170 18212 2746 -8435 28625 7733 26307 -10894 26462 22125 22378 3177 347 25407 -31191 -9820 -10538 -29107 710 31786 -7837 25239 -1095 -22147 -3620 -32695 -27874 -4245 -28008 -21498 29626 -19720 -8919 19248 3210 -10523 -31220 -11886 

