60 100 4 0 5 0.2 0 347 300
-31145 -26901 18569 5933 -2810 12335 -21486 1853 -2273 -3865 21479 593 -3257 32310 5793 2466 5628 -3793 -2955 -29528 -1161 -2673 -22453 16265 16342 -3438 -11753 19522 -15581 -25462 717 -22455 25539 -26043 16944 13814 -15608 30717 10516 -1617 -7399 20227 23509 21598 32243 22935 24323 -25962 6447 -21213 -7737 -16728 -28265 3730 5993 -16692 -27930 -24861 23704 -6633 
-31145 -26901 18569 5933 -2810 12335 -21486 1853 -2273 -3865 21479 593 -3257 32310 5793 2466 5628 -3793 -2955 -29528 -1161 -2673 -22453 16265 16342 -3438 -11753 19522 -15581 -25462 717 -22455 25539 -26043 16944 13814 -15608 30717 10516 -1617 -7399 20227 23509 21598 32243 22935 -12880 3534 -4936 6537 -17252 19924 32301 30718 -22208 13456 28793 -27913 -8417 18231 
-9631 24375 435 -13373 9273 9083 -31146 -966 -12782 14492 -7486 -782 15422 4417 4811 -30504 32615 792 31564 -12835 -2983 14218 28287 -5973 13956 23936 -25188 -17939 15009 12034 13544 -13092 11276 -27499 9161 5009 -28478 20675 -31689 -24992 -32413 534 -28472 -2682 9887 8195 -12880 3534 -4936 6537 -17252 19924 32301 30718 -22208 13456 28793 -27913 -8417 18231 
-9631 24375 435 -13373 9273 9083 -31146 -966 -12782 14492 -7486 -782 15422 25970 4811 -30504 32615 792 31564 -12835 -2983 14218 28287 -5973 13956 23936 -25188 19522 -15581 -25462 717 -22455 25539 -26043 16944 13814 -15608 30717 10516 -1617 -7399 20227 23509 21598 32243 22935 24323 -25962 6447 -21213 -7737 -16728 -28265 3730 5993 -16692 -27930 -24861 23704 -6633 
-2184 18009 -25200 15503 2539 -14144 -26373 -751 29125 -30813 3441 -15103 12389 -4296 252 -3172 -7717 1160 26844 -12392 32150 -27804 10330 13966 23003 -1326 8959 10113 -2847 -31660 -20267 17488 -1509 17715 -7399 16829 -31920 -18825 11134 10800 3806 -17630 -17109 -21880 661 -16971 -4412 7992 -15673 -27546 18306 4955 24476 15056 5420 5103 -26859 -23106 21235 -13268 
-2184 18009 -25200 15503 2539 -14144 -26373 -751 29125 -30813 3441 -15103 12389 -4296 252 -3172 -7717 1160 26844 -12392 32150 -27804 10330 13966 23003 -1326 8959 10113 -2847 -31660 -20267 17488 -1509 17715 -7399 16829 -31920 -18825 11134 10800 17937 -14275 -15041 -3832 -25307 -32196 29447 -3147 6302 -30779 -29887 -1617 18165 -15437 18113 -11271 -25254 18083 18554 27858 
26011 -11898 -13055 17457 9189 4117 -13210 -28181 13202 12517 -7914 28329 -1568 22423 3006 20485 3956 -14760 7910 -6586 -744 6607 23595 -24250 10845 -2314 -21933 -18798 7739 17643 25000 7397 23024 11465 -2465 -9131 288 9051 25538 18475 17937 -14275 -15041 -3832 -25307 -32196 29447 -3147 6302 -30779 -29887 -1617 18165 -15437 18113 -11271 3431 18083 18554 27858 
26011 -11898 -13055 17457 9189 4117 -13210 -28181 13202 12517 -7914 28329 -1568 22423 3006 20485 15239 -14760 7910 -12392 32150 -27804 10330 13966 23003 -1326 8959 10113 -2847 -31660 -20267 17488 -1509 17715 -7399 16829 -31920 -18825 11134 10800 3806 -17630 -17109 -21880 661 -16971 -4412 7992 -15673 -27546 18306 4955 24476 15056 5420 5103 -26859 -23106 21235 -13268 
14531 -21335 -29566 7829 27790 -9644 -12159 13703 -23206 31277 12953 -3801 16495 18299 32398 -15466 -20540 4265 11925 -4269 -12357 -24639 16523 12809 24894 6693 12050 -15529 27993 5712 32748 14634 9812 -9570 31153 14292 21194 -30946 1812 -21323 -21432 26103 -3463 26387 -17169 17062 -5475 -6895 20594 -2626 28118 -14691 -3563 27542 23007 -2983 16332 -7443 9526 -9345 
14531 -21335 -29566 7829 27790 -28683 11816 10364 -26347 -21432 15084 -19101 -2103 24758 19036 -9428 -31644 17662 30962 -13253 15637 -24345 -11922 9477 -32215 -8087 3095 -9429 -5433 27142 -8677 -12877 -17328 23009 -18769 12501 13129 -16477 13951 27476 10818 15768 6848 -25241 17566 -14035 9712 -26551 14146 -24848 26159 6488 -126 24305 28944 7886 13864 -20648 15723 21202 
16828 -8512 -16513 31660 13407 -28683 11816 10364 -26347 -21432 15084 -19101 -2103 24758 19036 -9428 -31644 17662 30962 -13253 15637 -24345 -11922 9477 -32215 -8087 3095 -9429 -5433 27142 -8677 -12877 -17328 23009 -18769 12501 13129 -16477 13951 27476 10818 15768 6848 -25241 17566 -14035 9712 -26551 14146 -24848 26159 6488 -126 24305 28944 7886 13864 -20648 15723 21202 
16828 -8512 -16513 31660 13407 -28683 11816 10364 -26347 31277 12953 -3801 16495 18299 32398 -15466 -20540 4265 11925 -4269 -12357 -24639 16523 12809 24894 6693 12050 -15529 27993 5712 32748 14634 9812 -9570 31153 14292 21194 -30946 1812 -21323 -21432 26103 -3463 26387 -17169 17062 -5475 -6895 20594 -2626 28118 -14691 -3563 27542 23007 -2983 16332 -7443 9526 -9345 
14531 -21335 -29566 1476 27790 -9644 -12159 13703 -23206 31277 12953 -3801 16495 18299 32398 -15466 -20540 4265 11925 -4269 -12357 -24639 16523 25274 21958 -3424 -9623 7251 13011 -10097 -32549 -7236 1249 25339 -2508 20964 32385 21872 -19952 25468 -14667 13344 -9510 -23475 -26331 -29678 23850 -11791 1560 27827 29962 -31142 408 28721 -12897 -4722 5105 -163 1160 134 
14531 -21335 -29566 1476 27790 -9644 -12159 13703 -23206 31277 12953 -3801 16495 18299 32398 -15466 -20540 4265 11925 -4269 -12357 -24639 16523 25274 21958 -3424 -9623 7251 13011 -30138 -32549 -7236 1249 25339 -2508 17538 -4768 28627 21185 -22113 5648 10005 -11413 16500 24967 -31775 -10914 -29760 21907 -3021 9942 -16641 20315 -29297 20199 1543 32612 2119 -17580 921 
-31145 -26901 18569 5933 -2810 12335 -21486 1853 -2273 -3865 21479 593 -3257 32310 5793 2466 5628 -3793 -2955 -29528 -1161 -2673 -22453 16265 16342 -3438 -11753 19522 -15581 -25462 717 -556 31871 -30747 -16133 17538 -4768 28627 21185 -22113 5648 10005 -11413 16500 24967 -31775 -10914 -29760 21907 -3021 9942 -16641 20315 -29297 20199 1543 32612 2119 -17580 921 
-14314 -26901 18569 5933 -2810 12335 -21486 1853 -2273 -3865 21479 593 -3257 32310 5793 2466 5628 -3793 11925 -4269 -12357 -24639 16523 25274 21958 -3424 -9623 7251 13011 -10097 -32549 -7236 1249 25339 -2508 20964 32385 21872 -19952 25468 -14667 13344 -9510 -23475 -26331 -29678 23850 -11791 1560 27827 29962 -31142 408 28721 -12897 -4722 5105 -163 1160 134 
14531 -21335 -29566 1476 27790 -9644 -12159 13703 -23206 31277 12953 -3801 16495 18299 32398 -15466 -20540 4265 11925 -4269 -12357 -24639 16523 25274 21958 -3424 -9623 -29829 -11399 -29398 3589 4730 17001 8753 11966 -4158 22618 6198 22273 24975 16118 26855 -26467 -6335 -19416 25277 -7980 -25812 -29644 20498 4996 23868 25790 8091 16681 7657 -17408 16390 -22665 6079 
14531 -21335 -29566 1476 27790 -9644 -12159 13703 -23206 31277 12953 -3801 16495 18299 32398 -15466 -20540 4265 11925 -4269 -12357 -24639 16523 25274 21958 -3424 -9623 -29829 -407 6110 27572 -329 -15858 -9248 -21526 -21127 -12936 8654 -13953 -7988 20748 -26579 -5380 -14532 8550 6076 -9075 11224 -27541 21279 22362 20770 -3065 -313 26676 23915 22381 14952 -9249 -25218 
-12927 -2708 30814 21284 -26987 23291 -3221 5559 -14810 780 26766 28052 32294 3394 -16487 24438 -12427 8220 15320 -30544 4772 -24417 3983 -30249 -6825 8200 -6482 11887 -407 6110 27572 -329 -15858 -9248 -21526 -21127 -12936 8654 -13953 -7988 20748 -26579 -5380 -14532 8550 6076 -9075 11224 -27541 21279 22362 20770 -3065 25561 26676 23915 22381 14952 -9249 -25218 
-12927 -2708 30814 21284 -26987 23291 -3221 5559 -14810 780 26766 28052 32294 3394 -16487 24438 -12427 4265 11925 -4269 -12357 -24639 16523 25274 21958 -3424 -9623 -29829 -11399 -29398 3589 4730 17001 8753 11966 -4158 22618 6198 22273 24975 16118 26855 -26467 -6335 -19416 25277 -7980 -25812 -29644 20498 4996 23868 25790 8091 -3028 7657 -17408 16390 -22665 6079 
6587 -12289 -12167 17720 -2000 4474 18903 23042 11454 -9689 11342 23628 28820 10208 -16 -4911 -29384 13968 32160 -30088 20610 11224 5948 -3475 -21504 6880 29536 -13235 -8181 21377 20716 24688 -24943 17148 -27875 10421 22824 -30732 -23481 30582 -14123 -14738 11808 -17444 26995 -5104 19640 -12245 -6600 -12183 31550 14882 18123 26577 2451 -14163 -25589 20672 17741 -30644 
-12946 -12289 -12167 17720 -2000 4474 18903 23042 11454 -9689 11342 23628 28820 10208 -16 -4911 -29384 13968 32160 -30088 20610 11224 5948 -3475 -21504 6880 29536 -13235 -8181 21377 20716 24688 -24943 17148 -27875 10421 22824 -30732 -23481 30582 -14123 -14738 11808 -17444 26995 -5104 19640 -12245 -6600 -12183 31550 14882 18123 26577 2451 -14163 16332 -7443 9526 -9345 
17717 9485 6281 2986 21530 -7693 13134 1853 -2273 -3865 21479 593 -3257 32310 5793 2466 5628 -3793 -2955 -29528 -1161 -17533 -7564 12809 24894 6693 12050 -15529 27993 5712 32748 14634 9812 -9570 31153 14292 21194 -30946 1812 -21323 -21432 26103 -3463 26387 -17169 17062 -5475 -6895 20594 -2626 28118 -14691 -3563 -16518 23007 -2983 16332 -7443 9526 -9345 
17717 9485 6281 2986 21530 -7693 13134 1853 -2273 -3865 21479 593 -3257 32310 5793 2466 5628 -3793 -2955 -29528 -1161 -17533 -7564 12809 24894 6693 12050 -15529 32577 5712 32748 14634 9812 -9570 31153 14292 21194 -30946 1812 -21323 -21432 26103 -3463 26387 26995 -5104 19640 -12245 -6600 -12183 31550 14882 18123 26577 2451 -14163 -25589 20672 17741 -30644 
22950 15499 29478 -4538 10597 -28194 14508 22105 -25126 -28700 7530 -11152 28820 10208 -4775 -4911 -29384 13968 32160 -30088 20610 11224 5948 -3475 -21504 6880 29536 -14986 -8181 21377 20716 24688 -24943 10325 -13717 9619 -3610 8892 -10390 -13727 -14697 -18990 -14409 -23336 3973 -4306 14342 -31508 14140 -24196 16202 -27582 -12066 -31555 -5834 -1892 3505 777 10609 -11734 
22950 15499 29478 -4538 10597 -28194 14508 22105 -25126 -28700 7530 -11152 28820 10208 -4775 -4911 -29384 13968 32160 -30088 20610 11224 5948 -3475 -21504 6880 29536 -14986 -8181 21377 20716 24688 -24943 10325 -13717 9619 -3610 8892 -10390 -13727 -14697 -18990 -14409 -23336 3973 -4306 14342 -31508 14140 -24196 16202 -27582 -12066 -31555 -5834 13456 -5425 -27913 -8417 18231 
-3059 17227 29544 1744 4634 28289 -8132 -21975 -26583 -22870 -7486 -782 15422 4417 4811 -30504 32615 792 31564 -12835 -2983 14218 28287 -5973 13956 23936 -25188 -17939 15009 12034 13544 -13092 11276 -27499 9161 5009 -28478 20675 -31689 -24992 -32413 534 -28472 -2682 9887 8195 -12880 3534 -4936 6537 4455 19924 32301 30718 -22208 13456 28793 -27913 -8417 18231 
-3059 17227 29544 1744 4634 28289 -8132 -21975 -26583 -22870 -7486 -782 15422 4417 4811 -30504 32615 792 31564 -12835 -2983 14218 28287 -5973 13956 23936 -25188 -17939 15009 12034 13544 -13092 11276 -27499 9161 5009 -28478 20675 -31689 -24992 -32413 534 -28472 -2682 9887 8195 -12880 3534 -18753 6537 4455 19924 32301 30718 -22208 13456 28793 777 10609 -11734 
-22372 187 -31188 -31901 24135 11393 9752 -24783 -12292 400 -12893 -14756 -7673 32421 -29224 -18322 10318 -27653 1936 -7802 19108 22804 -9685 19078 -18086 -2992 -6806 -7419 -21943 4285 28637 -22534 30896 -11855 -9223 1129 29137 -30517 23736 -14133 -1928 -4610 -27309 14137 -6357 -4588 -18176 -16386 26780 27294 -31920 -3307 -32325 19219 -20560 9605 -2340 -6112 17845 -12778 
-22372 187 -31188 -31901 24135 11393 9752 -24783 -12292 14492 14486 24092 13332 28416 16245 21850 2675 -7966 -4185 -29201 24176 12240 -17605 -19017 21414 -27647 4642 -28814 5785 21597 6216 12996 32449 31434 -25024 -20307 -10187 30400 -4328 27605 -2573 -21562 16467 -2272 -24118 24168 -20755 -12717 -27140 3528 2141 18605 -12145 -12717 19512 -8020 25048 -15249 20258 -29960 
-9631 24375 435 -13373 9273 9083 -31146 -966 -12782 14492 14486 24092 13332 28416 16245 21850 2675 -7966 -4185 -29201 24176 12240 -17605 -19017 21414 -27647 4642 -28814 5785 21597 6216 12996 32449 31434 -25024 -20307 -10187 30400 -4328 27605 -2573 -21562 16467 -2272 -24118 24168 -20755 -12717 -27140 3528 2141 18605 -12145 -12717 19512 -8020 -4305 -15249 20258 -29960 
-9631 24375 435 -13373 9273 9083 -31146 -966 -12782 14492 14486 24092 13332 28416 16245 -18322 10318 -27653 1936 -7802 19108 22804 -9685 19078 -18086 -2992 -6806 -7419 -21943 4285 28637 -22534 30896 -11855 -9223 1129 29137 -30517 23736 -14133 -1928 -4610 -27309 14137 -6357 -4588 -18176 -16386 -6999 27294 -31920 -3307 -32325 19219 -20560 9605 -2340 -6112 17845 -12778 
20954 -28722 -12740 -4771 16673 -29486 -2668 -15458 -4961 -20748 20009 29332 -21438 14493 -24225 19999 -17370 26698 13994 -14652 10901 23538 -17616 -6635 -22770 19450 6730 2341 -30921 -10931 10911 -29593 24409 17511 32435 -42 17627 -18372 25315 29032 21853 24409 -7870 15276 -13548 15507 16771 -25247 5019 13163 -1497 22618 -20977 27941 27147 -20003 -19514 -21604 -17415 -23941 
20954 -28722 -12740 -4771 16673 -29486 -2668 -15458 -7919 -20748 20009 29332 -21438 14493 -24225 19999 -17370 26698 13994 -14652 10901 23538 -17616 -6635 -22770 19450 6730 2341 -30921 -10931 10911 -29593 24409 17511 32435 -42 17627 -18372 25315 29032 21853 24409 -7870 15276 -13548 15507 16771 -25247 5019 13163 -1497 22618 -20977 5435 -30551 -5683 407 -31722 13927 -11314 
-3059 17227 29544 1744 4634 28289 -8132 32280 5243 -1098 6996 -8523 -15628 14086 25562 10777 30744 5633 17378 27409 28039 -4594 -4130 8119 -15732 -9525 1892 -25405 -18324 533 -3085 -117 -21826 23175 10550 -20831 17822 3833 288 18885 11133 -11034 11371 15812 -18578 -15897 -18865 -23666 24377 10096 -19644 -12259 17473 5435 -30551 -5683 407 -31722 13927 -11314 
-3059 17227 29544 1744 4634 28289 -8132 32280 5243 -1098 6996 -8523 -15628 14086 25562 10777 30744 5633 17378 27409 28039 -4594 -4130 8119 -15732 -9525 1892 -25405 -18324 533 -3085 -117 -21826 17511 32435 -42 17627 -18372 25315 29032 21853 24409 -7870 15276 -13548 15507 16771 -25247 5019 13163 -1497 22618 -20977 27941 27147 -20003 -19514 -21604 21858 -23941 
10817 -6692 17348 23788 -1839 22025 28474 26976 -4961 -20748 20009 29332 -21438 14493 -24225 19999 -17370 26698 13994 -14652 10901 23538 -17616 -6635 -22770 19450 6730 2341 -30921 -10931 10911 -29593 24409 31628 17136 12291 -30364 29555 -13813 -8894 -31013 8886 -11012 24946 30482 -16742 -8651 9868 19411 -22385 -43 -11733 -18528 12465 -12239 -20751 -1898 23644 -1389 14608 
10817 -6692 -31188 -31901 -2545 11393 9752 -24783 -12292 400 -12893 -14756 -7673 32421 -29224 -18322 10318 -27653 1936 -7802 19108 22804 -9685 19078 -18086 -2992 -6806 -7419 -21943 4285 28637 -22534 30896 -11855 -9223 1129 29137 -30517 23736 -14133 -1928 -4610 -27309 14137 -6357 -4588 27572 -3929 19308 11302 -23807 523 20352 12402 22641 -23241 19140 -26091 -13687 7449 
-22372 187 -31188 -31901 -2545 11393 9752 -24783 -12292 400 -12893 -14756 -7673 32421 -29224 -18322 10318 -27653 1936 -7802 19108 22804 -9685 19078 -18086 -2992 -6806 -7419 -21943 4285 28637 -22534 30896 -11855 -9223 1129 29137 -30517 23736 -14133 -1928 -4610 -27309 14137 -6357 -4588 27572 -3929 19308 11302 -23807 523 20352 12402 22641 -23241 -17689 -26091 -13687 7449 
-22372 187 -31188 -31901 -2545 11393 9752 -24783 -12292 400 -12893 -14756 -7673 32421 -29224 -18322 10318 -27653 1936 -7802 19108 22804 -9685 19078 -18086 -2992 -6806 -7419 -21943 4285 28637 -22534 30896 -11855 -9223 -23035 29137 -30517 23736 -14133 -1928 -4610 -27309 14137 -6357 -4588 27572 -3929 19308 -22385 -43 -11733 -18528 12465 -12239 -20751 -1898 23644 -1389 14608 
10817 -6692 17348 23788 -1839 22025 28474 26976 -4961 -20748 20009 29332 -21438 14493 -24225 19999 -17370 26698 13994 -14652 10901 23538 -17616 -6635 -22770 19450 6730 2341 -30921 -10931 10911 -29593 24409 17511 32435 -42 17627 -18372 25315 29032 21853 24409 -7870 15276 -13548 15507 16771 -23680 5019 -9905 -1497 22618 -3065 25561 26676 23915 22381 14952 -9249 -25218 
10817 -6692 17348 23788 -1839 22025 28474 26976 -4961 -20748 20009 29332 -21438 14493 -24225 19999 -17370 26698 13994 -14652 10901 23538 -17616 -6635 -22770 19450 6730 2341 -30921 -10931 10911 -29593 24409 17511 32435 -42 17627 -18372 25315 29032 21853 24409 -7870 15276 -13548 15507 16771 -23680 5019 -9905 -1497 22618 -3065 25561 26676 23915 31959 -30981 -13212 20662 
22480 -4117 -26249 31272 -6039 -16892 -640 -600 24582 -11387 22330 8286 26196 28705 10897 19694 20448 15910 319 22728 -19475 9337 -6842 -32216 4586 -16040 17917 26664 10843 24592 -18617 10678 21195 17148 -27875 10421 22824 -30732 -23481 30582 -14123 -14738 6275 -17444 26995 -5104 19640 -12245 -6600 -12183 31550 14882 18123 26577 2451 -4722 31959 -30981 -13212 23391 
22480 -4117 -26249 31272 -6039 -16892 -640 -600 24582 -11387 22330 8286 26196 28705 10897 19694 -22827 15910 319 22728 -19475 9337 -6842 -32216 4586 -16040 17917 26664 10843 24592 -18617 10678 21195 17148 -27875 10421 22824 -30732 -23481 30582 -14123 -14738 6275 -17444 26995 -5104 19640 -23680 5019 -9905 -1497 22618 -3065 25561 26676 23915 22381 14952 -9249 -25218 
16828 -8512 -16513 31660 13407 -28683 11816 10364 -26347 -24099 15441 13587 20776 21442 -24581 10935 18989 4526 31196 -9909 5031 14440 -6675 -11727 -2765 4720 30683 -17500 -21796 -12271 -21417 -9117 5337 14433 -31677 9549 3588 -25517 1533 -27142 -8343 -13114 4466 2622 -27002 22379 12893 14167 -12411 -25346 17691 -18697 -31837 -255 -20085 15563 8912 5910 -7296 20337 
16828 -8512 -16513 31660 13407 -28683 11816 10364 -26347 -24099 15441 13587 20776 21442 -24581 10935 18989 4526 31196 -9909 5031 14440 -6675 -11727 -2765 4720 30683 -17500 -21796 -12271 -21417 -9117 5337 14433 -31677 9549 3588 -25517 1533 -27142 -8343 -13114 -32321 2622 -27002 22379 12893 14167 -12411 -25346 17691 -18697 -31837 -255 -20085 -4722 31959 -30981 -13212 23391 
14531 -21335 -29566 1476 27790 -9644 -12159 13703 -23206 31277 12953 -3801 16495 18299 32398 -15466 -20540 4265 11925 -4269 -12357 -24639 16523 25274 21958 -3424 -9623 7251 13011 -10097 -32549 -7236 1249 25339 -2508 20964 32385 21872 -19952 25468 -14667 13344 -9510 -23475 -26331 -29678 23850 -11791 1560 27827 29962 2181 408 28721 -12897 -4722 31959 -30981 -13212 23391 
14531 -21335 -29566 1476 27790 -9644 -12159 13703 -23206 31277 12953 -3801 16495 18299 32398 -15466 -20540 4265 11925 -4269 -12357 -24639 16523 25274 21958 -3424 -9623 7251 13011 -10097 -32549 -7236 1249 25339 -2508 9549 3588 -25517 1533 8291 -8343 -13114 4466 2622 -27002 22379 12893 14167 -12411 -25346 17691 -18697 -31837 -255 -20085 15563 8912 5910 -7296 20337 
29622 -497 1715 -10254 -21084 13009 14079 -1636 6505 -21432 -8473 -19101 -2103 24758 19036 -9428 -31644 17662 30962 -13253 15637 -24345 -6675 22142 -11165 19124 28967 15966 -32604 5979 -8527 -29731 -29827 23853 -1040 -7084 -20916 -12729 12613 -18298 -14484 28419 15667 -26382 -18037 28317 -8859 1939 20918 17657 -8013 11487 11535 29473 15090 17901 -16414 -30686 31952 -3859 
29622 -497 1715 -10254 -21084 13009 14079 -1636 6505 -21432 -8473 -19101 -2103 24758 19036 -9428 -31644 17662 30962 -13253 15637 -24345 -6675 22142 -11165 19124 28967 15966 -32604 5979 -8527 -29731 -29827 23853 -1040 -7084 -20916 -12729 12613 -18298 -14484 28419 15667 -26382 17842 28317 -8859 1939 20918 17657 32048 -16967 24476 15056 5420 5103 -26859 -23106 21235 -13268 
-31145 -26901 18569 5933 -2810 12335 -21486 1853 -2273 -3865 21479 593 -3257 32310 5793 2466 5628 -3793 -2955 -29528 -1161 -17533 -7564 -3364 20365 -6899 30283 14556 -16820 -13601 -17927 -1042 -6069 24816 -7378 -14381 -20060 -5361 -11253 29325 -5989 23465 12077 -21594 17022 30548 13551 16260 -8008 8843 32048 -16967 24476 15056 5420 5103 -26859 -23106 21235 -13268 
-31145 -26901 18569 5933 -2810 12335 -21486 1853 -2273 -3865 21479 593 -2103 24758 19036 -9428 -31644 17662 30962 -13253 15637 -24345 -6675 22142 -11165 19124 28967 15966 -32604 5979 -8527 -29731 -29827 23853 -1040 -7084 -20916 -12729 12613 -18298 -14484 28419 15667 -26382 -18037 28317 -8859 -8051 20918 17657 -8013 11487 11535 29473 15090 17901 -16414 -30686 31952 -3859 
14531 -21335 -29566 7829 27790 -9644 -12159 13703 -23206 31277 12953 -3801 16495 18299 32398 -15466 -20540 4265 11925 -4269 -12357 -24639 16523 25274 21958 -3424 -9623 -29829 -11399 14753 5653 -32673 10432 -13954 22146 -4299 23018 29568 9964 -30621 20382 3735 14657 13328 28570 22379 12893 14167 -12411 -25346 17691 -18697 -31837 -255 -20085 15563 8912 5910 -7296 20337 
14531 -21335 -29566 7829 27790 -9644 -12159 13703 -23206 31277 12953 -3801 16495 18299 32398 -15466 -20540 4265 11925 -4269 -12357 -24639 16523 25274 21958 -3424 -9623 -29829 -11399 14753 5653 -32673 10432 -13954 22146 -4299 23018 -7425 -10390 -13727 -14697 -18990 -14409 -23336 3973 -4306 14342 -31508 14140 -24196 16202 -27582 -12066 -31555 -5834 -1892 3505 777 10609 -11734 
-15553 -24035 -3778 -11043 25362 -22548 10100 19369 -4677 17515 -22916 -15809 22713 13464 -670 18223 7257 10388 32010 -2457 24584 9201 538 14158 -5684 -32054 24804 -4272 -29664 -564 -2142 -11430 29324 3912 12861 6568 -3610 8892 -10390 -13727 -14697 -18990 -14409 -23336 3973 -4306 14342 -31508 14140 -24196 16202 -27582 -12066 -31555 -5834 -1892 3505 777 10609 -11734 
-15553 -24035 -3778 -11043 25362 -9644 -12159 13703 -23206 31277 12953 -3801 16495 18299 32398 -15466 -20540 4265 11925 -4269 -12357 -24639 16523 25274 21958 -3424 -9623 -29829 -11399 14753 5653 -32673 10432 -13954 22146 -4299 23018 29568 9964 -30621 20382 3735 14657 13328 28570 22379 12893 14167 -12411 -25346 17691 -18697 -31837 -255 24462 15563 8912 5910 -7296 20337 
838 17250 31297 -21005 15885 24116 -575 -15406 29772 -22828 -3805 19121 2127 4653 -23474 -24952 -9328 -629 13930 28565 -9057 -5342 -12414 -15400 -5461 11427 31462 -16627 -3373 24619 -25692 -22780 -5426 8198 24969 -9238 -18818 26108 -25472 -27031 27619 -9607 -10950 32000 -16326 -14427 10256 17206 32075 -18682 -7971 23027 -17385 -22847 -15052 16465 -30228 -29428 -18888 9949 
838 17250 31297 -21005 15885 24116 -575 -15406 29772 -22828 -3805 19121 2127 4653 -23474 -24952 -9328 -629 13930 28565 -9057 -5342 -12414 -15400 -5461 11427 31462 -16627 -3373 24619 -25692 -22780 -5426 8198 24969 -9238 -18818 26108 -25472 -27031 27619 -9607 -10950 -25241 17566 11015 -9977 -5170 -16458 30915 30147 25191 -26697 19780 7624 -14378 -4015 12282 -6214 7580 
16828 -8512 -16513 31660 13407 -28683 11816 10364 -26347 -21432 15084 -19101 -2103 24758 19036 -9428 -31644 17662 30962 -13253 15637 -24345 -11922 9477 -32215 -8087 3095 16132 -5433 27142 -8677 -12877 -17328 23009 -18769 12501 13129 -16477 13951 27476 10818 15768 6848 -25241 17566 11015 -9977 -5170 -16458 30915 30147 25191 -26697 19780 7624 -14378 -4015 12282 -6214 7580 
16828 -8512 -16513 31660 13407 -28683 11816 10364 -26347 -21432 15084 -19101 -2103 24758 19036 -9428 -31644 17662 30962 -13253 15637 -24345 -11922 9477 -32215 -8087 3095 16132 -5433 27142 -8677 -12877 -17328 23009 24969 -9238 -18818 26108 -25472 -27031 27619 -9607 -10950 32000 -16326 -14427 10256 17206 32075 -18682 -7971 23027 -17385 -22847 -15052 16465 -30228 -29428 -18888 9949 
22950 15499 29478 -4538 10597 -28194 14508 22105 -25126 -28700 7530 -11152 28820 10208 -16 -4911 -29384 13968 32160 -30088 20610 11224 5948 -3475 -21504 6880 29536 -13235 -8181 21377 20716 24688 -24943 10325 -13717 9619 -28234 12349 31427 -4320 -4865 -16925 -7535 -5547 -16031 8418 -14134 19682 2952 -20212 23563 -24591 -18647 30308 -27301 -25945 -15937 23111 28879 23245 
22950 15499 29478 -4538 10597 -28194 14508 22105 -25126 -28700 7530 -11152 28820 10208 -16 -4911 -29384 13968 6973 -30088 20610 11224 5948 -3475 -21504 6880 29536 -13235 -8181 21377 20716 24688 -24943 10325 -13717 5667 20415 -15484 8756 15858 -28812 6864 16018 -14112 -26218 25660 -10525 -10493 11028 -32232 -17784 -10417 5337 -21862 -15072 -15164 13190 15428 26547 -13302 
-31967 -28760 27583 -28700 -32014 -5863 -29691 26585 -12228 -30839 -17485 -25289 2197 32476 -20710 19909 18316 -8075 22540 758 16349 5094 32417 -3364 20365 -6899 30283 14556 -16820 -13601 -17927 -1042 -6069 -30143 30373 5667 20415 -15484 8756 15858 -28812 6864 16018 -14112 -26218 25660 -10525 -10493 11028 -32232 -17784 -10417 5337 -21862 -15072 -15164 13190 15428 26547 -13302 
-31967 -28760 27583 -28700 -32014 -5863 -29691 26585 -12228 -30839 -17485 -25289 2197 32476 -20710 19909 18316 -8075 32160 -30088 20610 11224 5948 -3475 -21504 6880 29536 -13235 -8181 21377 -4536 24688 -24943 10325 -13717 9619 -28234 12349 31427 -4320 -4865 -16925 -7535 -5547 -16031 8418 -14134 19682 2952 -20212 23563 -24591 -18647 30308 -27301 -25945 -15937 23111 28879 23245 
26011 -11898 -13055 17457 9189 4117 -13210 -28181 13202 12517 -7914 28329 -1568 22423 3006 20485 3956 -14760 7910 -6586 -744 6607 23595 -24250 10845 5686 30587 3440 -8513 22687 -12151 -19610 23411 -10477 -14887 21181 16290 5098 21783 1584 14223 15078 -28109 -13040 -25492 9284 5148 -20491 -13194 24035 11060 4450 -31676 -9108 -4461 -20166 -15610 4885 -5586 -31237 
26011 -11898 -13055 17457 9189 4117 -13210 -28181 13202 12517 -7914 28329 -1568 22423 3006 20485 3956 -14760 7910 -6586 -744 6607 23595 -24250 10845 5686 30587 3440 -8513 22687 -12151 -19610 23411 -10477 -14887 21181 16290 5098 21783 1584 14223 15078 -28109 -13040 -25492 9284 5148 -20491 -13194 24035 11060 4450 -31676 -9108 -4461 -20166 -15610 -26091 -13687 7449 
22950 15499 29478 -4538 10597 -28194 14508 22105 -25126 -28700 7530 -11152 28820 10208 -16 -4911 -29384 13968 32160 -30088 20610 11224 5948 -3475 -21504 6880 29536 -13235 -8181 21377 20716 24688 -24943 10325 -13717 9619 -28234 12349 31427 -4320 -4865 -16925 28240 29863 7006 4130 17653 -5803 19308 11302 -23807 523 20352 12402 22641 -23241 -17689 -26091 -13687 7449 
22950 -11898 -13055 17457 9189 4117 -13210 -28181 13202 12517 -7914 28329 -1568 22423 3006 20485 3956 -14760 7910 -6586 -744 6607 23595 -24250 10845 5686 30587 3440 -8513 22687 -12151 -19610 23411 -10477 -14887 21181 16290 5098 21783 1584 14223 15078 -28109 -13040 -25492 9284 5148 -20491 -13194 24035 11060 4450 -31676 -9108 -4461 -20166 -15610 4885 -5586 -31237 
-19152 14468 -12468 -31730 15629 -18026 15117 -1212 -19271 4465 22944 24998 -31519 12487 -28686 6004 -17060 23257 26073 29956 -31744 7580 -31152 3003 18842 -8854 27738 743 1710 22620 -151 -13226 -26210 -591 -13818 -4863 13033 32747 24130 349 -991 17435 -31967 7377 -27606 -14393 -5675 7554 -3185 -1664 -29747 -15387 -10880 -31622 24683 -13467 -13032 -11829 2692 8447 
-19152 14468 -12468 -31730 15629 -18026 15117 -1212 -19271 -8780 22944 24998 -31519 12487 -28686 6004 -17060 23257 26073 29956 -31744 7580 -31152 3003 18842 -8854 27738 743 1710 22620 -151 -13226 -26210 -591 -13818 -4863 13033 32747 24130 349 -991 17435 -31967 7377 -27606 -14393 13551 16260 -8008 -18431 32048 -16967 -29763 14091 -24948 -20539 5105 -163 1160 134 
-31145 -26901 18569 5933 -2810 12335 -21486 1853 -2273 -3865 21479 593 -3257 32310 5793 2466 5628 -3793 -2955 -29528 -1161 -17533 -7564 -3364 20365 -6899 30283 14556 -16820 -13601 -17927 -1042 -6069 24816 -7378 -14381 -20060 -5361 -11253 29325 -5989 23465 12077 -21594 17022 30548 13551 16260 -8008 -18431 32048 -16967 -29763 14091 -24948 -20539 5105 -163 1160 134 
-31145 -26901 18569 5933 -2810 12335 -21486 1853 -2273 -3865 21479 593 -3257 32310 5793 2466 5628 -3793 -2955 -29528 -1161 -17533 -7564 -3364 20365 -6899 30283 14556 -16820 -13601 -17927 -1042 -6069 24816 -7378 -14381 -20060 -5361 -11253 29325 6315 23465 12077 7377 -27606 -14393 -5675 7554 -3185 -1664 -29747 -15387 -10880 -31622 24683 -13467 -13032 -11829 2692 8447 
5221 32565 -27260 -17278 29810 3654 -7757 6720 -9423 -6445 -8266 2325 2440 6579 17986 -9240 11659 18916 23007 -11900 5031 14440 -6675 22142 -11165 19124 28967 15966 -32604 5979 -8527 -29731 -29827 23853 -1040 -7084 -20916 -12729 12613 29376 -14484 28419 15667 -26382 -18037 28317 -8859 1939 20918 17657 -8013 11487 11535 29473 15090 17901 -16414 -30686 31952 -3859 
5221 32565 -27260 -17278 29810 3654 -7757 6720 -9423 -6445 -8266 2325 2440 6579 17986 -9240 11659 18916 23007 -11900 5031 14440 -6675 22142 -11165 19124 28967 15966 -32604 5979 -8527 -29731 -29827 23853 -1040 -7084 -20916 -12729 12613 29376 -14484 28419 6848 -25241 17566 -14035 9712 -26551 14146 -24848 8792 6488 -126 24305 28944 7886 13864 -20648 15723 21202 
-26343 32557 -19678 -15721 31584 -11340 5641 32280 5243 -1098 6996 -8523 -15628 14086 25562 10777 30744 5633 17378 27409 28039 -4594 -4130 8119 -15732 -9525 11228 -2466 31506 -1819 6319 11123 23886 15095 -13372 -2382 26482 584 24002 19282 10302 -7769 6848 -25241 17566 -14035 9712 -26551 14146 -24848 26159 6488 -126 24305 28944 7886 13864 -20648 15723 21202 
-26343 32557 -19678 -15721 31584 -11340 5641 32280 5243 -1098 6996 -8523 -15628 14086 25562 10777 30744 5633 17378 27409 28039 -4594 -4130 8119 -15732 -9525 11228 -2466 31506 -1819 6319 -31311 23886 15095 -13372 -2382 26482 584 24002 19282 10302 -7769 6848 -25241 -18037 28317 -8859 1939 20918 17657 -8013 11487 11535 29473 15090 17901 -16414 -30686 31952 -3859 
-24343 -32538 -23209 6633 26960 30847 -16658 -10614 25434 26141 -15249 31631 11818 -6192 -14474 12042 19901 -30966 5040 19245 20109 16536 30173 -8777 -13237 -24785 -24094 23123 6135 17548 30545 -556 31871 -30747 -16133 17538 -4768 28627 21185 -22113 5648 10005 -11413 16500 24967 -31775 -10914 -29760 21907 -3021 9942 -16641 20315 -29297 20199 1543 32612 2119 -17580 921 
-24343 -32538 -23209 6633 26960 30847 -16658 -10614 25434 26141 -15249 31631 11818 -6192 -14474 12042 19901 -30966 5040 19245 20109 -17533 -7564 12809 21958 4788 -9623 -29829 -11399 14753 5653 -32673 10432 -13954 22146 -4299 23018 29568 9964 -30621 20382 3735 14657 13328 28570 22379 12893 14167 -12411 -25346 17691 -18697 -31837 -29706 -20085 15563 8912 5910 -7296 20337 
17717 9485 6281 2986 21530 -7693 13134 1853 -2273 -3865 21479 593 -3257 32310 5793 2466 5628 -3793 -2955 -29528 -1161 -17533 -7564 12809 21958 -3424 -9623 -29829 -11399 14753 5653 -32673 10432 -13954 22146 -4299 23018 29568 9964 -30621 20382 3735 14657 13328 28570 22379 12893 14167 -12411 -25346 17691 -18697 -31837 -29706 -20085 15563 8912 5910 -7296 20337 
17717 9485 6281 2986 21530 -7693 13134 1853 -2273 -3865 21479 593 -3257 32310 5793 16300 5628 -3793 -2955 -29528 -1161 -17533 -7564 -8777 -13237 -24785 -24094 23123 6135 17548 30545 -556 31871 -30747 -16133 17538 -4768 28627 21185 -22113 5648 10005 -11413 16500 24967 -31775 -10914 -29760 21907 -3021 9942 -16641 20315 -29297 20199 1543 32612 2119 -17580 921 
-22372 187 -31188 -31901 24135 -260 9752 -24783 -12292 400 -12893 -14756 -7673 32421 -29224 -18322 10318 -27653 1936 -7802 19108 22804 -9685 19078 -18086 -2992 -6806 -7419 -21943 4285 28637 14634 9812 -9570 31153 14292 21194 -30946 1812 -21323 -21432 26103 28941 26387 -17169 17062 -5475 -6895 20594 -2626 28118 -14691 -3563 -16518 23007 -2983 16332 -7443 9526 -9345 
-22372 187 -31188 -31901 24135 -260 9752 -24783 -12292 400 -12893 -14756 -7673 32421 -29224 -18322 10318 -27653 1936 -7802 19108 22804 -9685 19078 -18086 -26204 -6806 -7419 -21943 4285 28637 14634 9812 -9570 31153 14292 21194 -30946 1533 -27142 -8343 -13114 4466 2622 -27002 22379 12893 14167 -12411 -25346 17691 -18697 -31837 -255 -20085 15563 8912 5910 -7296 20337 
10817 -6692 17348 23788 -1839 22025 28474 26976 -26347 -24099 15441 13587 20776 21442 -24581 10935 18989 4526 31196 -9909 5031 14440 -7122 -11727 -2765 4720 30683 -17500 -21796 -12271 -21417 -9117 5337 14433 -31677 9549 3588 -25517 1533 -27142 -8343 -13114 4466 2622 -27002 22379 12893 14167 -12411 -25346 17691 -18697 -31837 -255 -20085 15563 8912 5910 -7296 20337 
10817 -6692 17348 23788 -1839 22025 28474 26976 -26347 -24099 15441 13587 20776 21442 -24581 10935 18989 4526 31196 -9909 5031 14440 -7122 -11727 -2765 4720 30683 -17500 -21796 4285 -9105 14634 9812 -9570 31153 14292 21194 -30946 1812 -21323 -21432 26103 28941 26387 -17169 17062 -5475 -6895 20594 -2626 28118 -14691 -3563 -16518 23007 -2983 16332 -7443 9526 -9345 
7262 14742 -22539 5946 -1111 -9335 -19510 -13928 -29300 -14309 781 -28112 5506 3794 1258 -10027 -11648 525 18694 17220 27379 -29935 18655 16313 32535 12375 -7971 -3273 -17927 -15496 25036 -10035 -31891 -6486 -14299 12600 3940 30606 4363 -21824 30693 -3159 -32342 -1700 -21149 -23842 -31786 -10748 -7655 -9626 16962 515 31298 27910 -18984 -17539 -14255 6503 12846 -20886 
7262 14742 -22539 5946 -1111 -9335 -19510 -13928 -29300 -14309 781 -28112 5506 3794 1258 -10027 -11648 525 18694 17220 10901 23538 -17616 -6635 -22770 19450 6730 2341 -30921 -10931 10911 -29593 24409 17511 32435 -42 17627 -15348 25315 29032 21853 24409 -7870 15276 -13548 15507 16771 -23680 5019 13163 -1497 22618 -20977 27941 27147 -20003 -19514 -21604 -17415 -23941 
10817 -6692 17348 23788 -1839 22025 28474 26976 -4961 -20748 20009 29332 -21438 14493 -24225 19999 -17370 26698 13994 -14652 10901 23538 -17616 -6635 -22770 19450 6730 2341 -30921 -10931 10911 -29593 24409 17511 32435 -42 17627 -18372 25315 29032 21853 24409 -7870 15276 -13548 15507 16771 -23680 5019 13163 -1497 22618 -20977 27941 27147 -20003 -19514 -21604 -17415 -23941 
10817 -6692 17348 5946 -1111 -9335 -19510 -13928 -29300 -14309 781 21463 5506 3794 1258 -10027 -11648 525 18694 17220 27379 -29935 18655 16313 32535 12375 -7971 -3273 -17927 -15496 25036 -10035 -31891 -6486 -14299 12600 3940 30606 4363 -21824 30693 -3159 -32342 -1700 -21149 -23842 -31786 -10748 -7655 -9626 16962 515 31298 27910 -18984 -17539 -14255 6503 12846 -20886 
-31145 -26901 18569 5933 -2810 12335 -21486 1853 -2273 -3865 21479 593 -3257 32310 5793 2466 5628 -3793 -2955 -29528 -1161 -17533 -31747 30795 -30166 25791 -9467 6410 -25041 18088 -20529 -14449 15047 14086 10203 -7510 19687 12942 -31737 18826 15656 -22253 11099 4584 16320 28162 7020 20961 -14270 7614 -4818 -27496 13266 15935 -27232 -17760 -4330 31359 29856 2150 
-31145 -26901 18569 -21490 -2810 12335 -21486 1853 -2273 -3865 21479 593 -3257 32310 5793 2466 5628 -3793 -2955 -29528 -1161 -17533 -31747 30795 -30166 25791 -9467 6410 -25041 18088 -20529 -14449 15047 14086 10203 -7510 19687 12942 -31737 18826 15656 -22253 11099 4584 16320 28162 7020 20961 -14270 7614 -4818 -27496 13266 15935 -27232 -17760 3431 18083 18554 27858 
5792 24010 -23578 -16944 3480 -17924 27400 -10664 -13422 -29066 26281 22480 -23197 273 -4429 20330 25038 -29678 25033 23306 24914 -2673 -22453 16265 16342 -3438 -11753 19522 -15581 -25462 717 -22455 25539 -26043 16944 13814 -15608 30717 10516 -1617 -7399 20227 23509 21598 32243 22935 24323 -25962 -29502 -21213 -7737 -16728 -28265 -15437 18113 -11271 3431 18083 18554 27858 
5792 24010 -23578 -16944 3480 -17924 27400 -10664 -13422 -29066 26281 22480 -23197 273 -4429 2466 5628 -3793 -2955 -29528 -1161 -17533 -31747 30795 -30166 25791 -9467 6410 -25041 18088 -20529 -14449 15047 14086 10203 -7510 19687 12942 -31737 18826 15656 -22253 11099 4584 16320 28162 7020 20961 -14270 7614 -4818 -27496 13266 12201 -27232 -17760 -4330 31359 29856 2150 
-9631 24375 435 -13373 9273 9083 -31146 -966 -12782 14492 14486 24092 13332 28416 16245 21850 2675 -7966 -4185 -29201 24176 12240 -17605 -19017 21414 -27647 4642 -28814 5785 21597 6216 12996 32449 31434 -25024 -20307 -10187 30400 -4328 27605 -2573 -21562 16467 -2272 -17169 17062 -5475 30612 20594 -2626 28118 -14691 -3563 -16518 23007 -2983 16332 -7443 9526 -9345 
-9631 24375 435 -13373 9273 9083 -31146 -966 -12782 14492 14486 24092 13332 28416 16245 21850 2675 -7966 -4185 -29201 24176 12240 -17605 -19017 21414 -27647 4642 -28814 5785 21597 6216 12996 32449 31434 -25024 -20307 -10187 30400 -4328 -29346 7335 12072 -29249 24819 6731 11323 -18207 22166 -16752 -17146 -27723 5734 -21451 -4373 31036 30411 -15811 -20134 -31768 25596 
-23722 3343 16433 620 -14195 16737 -29258 32134 8096 4518 18227 -3801 16495 18299 32398 -15466 -27077 -393 30337 13488 -2038 -6499 29808 10536 26668 19814 26938 31897 27241 9838 -2353 -24971 -8540 18007 -28527 -28129 16249 22708 16725 -29346 32711 12072 -29249 24819 6731 11323 -18207 22166 -16752 -17146 -27723 5734 -21451 -4373 31036 30411 -15811 -20134 -31768 25596 
-23722 3343 16433 620 -14195 16737 -29258 32134 8096 4518 18227 -3801 16495 18299 32398 -15466 -27077 -393 30337 -29201 24176 12240 -17605 -19017 21414 -27647 4642 -28814 5785 21597 6216 12996 32449 31434 -25024 -20307 -10187 30400 -4328 27605 -2573 -21562 16467 -2272 23641 17062 -5475 30612 20594 -2626 28118 -14691 -3563 -16518 23007 -2983 16332 -7443 9526 -9345 
7262 14742 -22539 5946 -1111 -9335 -19510 -13928 -29300 -14309 781 -28112 5506 3794 1258 -10027 -11648 525 18694 17220 27379 -29935 18655 16313 32535 12375 -7971 -3273 -17927 -15496 25036 -10035 -31891 -6486 14769 12600 3940 30606 4363 29032 21853 24409 -7870 15276 -13548 15507 16771 -25247 5019 13163 -1497 22618 -20977 27941 27147 -20003 -19514 -21604 -17415 -23941 
7262 14742 -22539 5946 31584 -11340 5641 32280 5243 -1098 6996 23831 -15628 14086 25562 10777 30744 5633 17378 27409 28039 -4594 -4130 8119 -15732 -9525 11228 -2466 31506 -1819 6319 11123 23886 15095 -13372 -2382 26482 584 24002 19282 10302 -7769 1424 -7435 28255 11015 -9977 -5170 -16458 30915 30147 25191 -26697 19780 7624 -14378 -4015 12282 -6214 7580 
-26343 32557 -19678 -15721 31584 -11340 5641 32280 5243 -1098 6996 -8523 -15628 14086 25562 10777 30744 5633 17378 27409 28039 -4594 -4130 8119 -15732 -9525 11228 -2466 31506 -1819 6319 11123 23886 15095 -13372 -2382 26482 584 24002 19282 10302 -7769 1424 -7435 28255 11015 -9977 -5170 -16458 30915 30147 25191 -26697 19780 7624 -14378 -4015 12282 -6214 7580 
-26343 32557 -19678 -15721 31584 -11340 5641 32280 5243 -1098 6996 -10304 -15628 14086 25562 10777 30744 5633 17378 17220 27379 -29935 18655 16313 32535 12375 -7971 -3273 -17927 -15496 25036 -10035 -31891 -6486 14769 12600 3940 30606 4363 29032 21853 24409 -7870 15276 -13548 15507 16771 -25247 5019 13163 -1497 22618 -20977 27941 27147 -20003 -19514 -21604 -17415 -23941 

